s_j,p_j,d_j
3,59,56
6,21,5
7,3,38
6,11,2
3,62,7
7,4,1
7,68,56
4,55,35
8,48,1
5,26,6
7,14,22
3,61,24
1,10,58
2,89,75
5,10,25
2,84,20
5,22,78
7,57,22
3,9,82
5,32,79
1,66,76
8,65,52
2,21,33
3,37,88
6,12,98
1,45,43
3,6,86
1,11,91
7,48,69
3,25,24
4,81,77
6,84,81
2,54,25
7,6,92
4,27,81
9,5,68
4,38,45
3,35,87
8,14,84
7,27,54
1,63,57
6,95,10
1,90,44
9,2,63
2,16,48
5,12,27
7,98,32
3,32,58
3,7,46
1,16,65
2,65,2
3,33,31
5,67,63
5,20,93
7,76,96
1,95,61
9,74,79
3,34,10
3,6,8
2,12,16
