s_j,p_j,d_j
1,58,98
4,30,52
6,73,13
4,60,4
8,25,30
4,83,10
6,66,70
2,91,14
9,88,9
7,36,41
8,2,3
2,29,27
6,21,84
8,61,78
3,56,98
6,69,2
7,64,45
4,73,38
9,79,80
5,72,31
7,51,12
6,51,69
5,44,94
3,12,20
9,36,63
4,87,71
7,33,16
5,94,18
2,81,76
9,82,57
4,72,7
2,17,61
6,96,48
3,28,2
2,82,85
2,15,28
9,19,36
9,16,56
9,28,29
7,70,13
4,57,10
3,38,34
3,38,80
8,92,42
2,30,74
7,20,50
7,77,91
6,17,29
2,68,80
1,32,6
8,72,94
6,16,81
1,5,53
5,57,52
4,2,71
3,78,79
4,78,10
1,6,79
9,59,98
8,79,7
1,96,46
4,80,67
2,28,29
2,73,94
7,40,1
1,64,35
4,25,24
2,82,70
6,36,5
8,97,44
8,67,64
2,38,51
4,19,37
1,30,93
1,58,8
1,62,79
7,47,14
5,22,28
4,73,93
7,77,64
2,73,11
7,61,32
4,4,32
1,63,83
7,11,17
5,68,32
7,36,33
7,87,92
6,94,35
2,72,32
