s_j,p_j,d_j
4,75,92
7,34,16
8,7,12
5,38,31
8,65,71
7,69,31
2,36,98
6,40,65
9,35,61
7,49,91
7,59,40
1,11,89
7,83,34
1,3,39
1,88,89
6,28,70
9,71,54
1,9,43
9,21,76
8,19,43
2,96,27
8,87,1
1,89,15
6,54,8
6,57,25
9,97,2
8,91,32
5,16,11
9,44,60
4,58,7
3,52,90
6,14,56
8,84,50
1,76,85
6,2,48
5,80,52
7,30,87
1,89,17
4,54,6
1,95,44
9,73,84
3,83,7
6,8,11
4,89,30
5,66,8
1,83,31
6,44,27
3,83,57
5,15,56
8,2,24
5,60,27
4,39,16
7,78,12
8,52,16
4,47,84
2,81,17
4,15,24
7,97,33
8,41,54
6,2,92
