s_j,p_j,d_j
9,68,77
3,10,74
3,50,21
7,79,58
3,65,72
7,73,13
5,41,80
3,88,1
7,68,49
1,58,81
9,56,37
1,28,88
6,10,67
5,77,38
6,81,67
5,68,29
5,63,2
9,61,55
8,79,59
5,30,56
9,13,45
5,18,15
9,49,27
9,49,27
3,92,59
6,15,32
9,97,72
7,5,41
9,31,72
3,86,51
9,47,74
9,94,2
4,33,14
7,22,26
7,15,50
2,43,47
9,25,69
3,18,5
2,48,9
2,52,73
9,73,21
4,3,2
3,87,9
8,44,80
3,29,14
5,35,6
9,13,86
7,78,70
1,23,53
1,86,45
5,22,23
7,3,65
5,39,71
1,92,47
6,12,74
9,55,57
9,69,6
6,28,42
7,97,64
4,34,78
9,48,6
1,97,35
4,60,80
9,26,51
1,32,71
2,90,38
1,6,72
4,53,47
2,55,43
5,83,64
7,41,23
5,95,64
2,82,53
4,40,4
9,77,9
4,29,48
8,18,83
2,64,90
6,43,19
3,1,80
7,6,67
6,36,71
9,92,93
1,97,2
4,16,97
7,90,1
7,75,21
2,33,43
9,61,18
7,44,72
