s_j,p_j,d_j
2,97,37
8,11,84
2,31,47
3,4,33
4,51,49
7,78,94
3,15,98
1,27,37
4,60,52
7,24,31
2,32,25
7,62,94
7,57,94
8,72,92
5,50,70
9,6,95
8,90,77
1,31,71
9,56,96
8,24,95
2,49,23
3,16,35
3,16,50
5,11,90
8,92,44
9,63,36
9,28,26
1,5,44
3,80,39
3,83,61
7,54,33
5,19,46
1,34,35
2,62,40
8,91,87
1,40,40
4,45,49
7,15,30
1,80,95
5,66,11
1,60,88
8,94,42
4,10,49
7,83,31
7,46,26
5,89,53
7,2,86
4,76,63
7,76,80
4,30,1
8,36,38
8,44,25
7,74,19
6,87,59
4,89,15
1,25,1
4,7,30
3,25,61
1,78,80
1,1,27
