s_j,p_j,d_j
6,26,54
1,37,38
8,39,41
1,45,51
4,64,16
5,20,50
8,93,96
9,45,10
3,7,70
9,78,16
7,47,48
2,66,83
8,61,50
3,17,13
6,73,49
9,72,26
7,82,73
8,90,20
2,27,82
1,95,41
2,14,85
4,12,73
8,96,13
5,71,58
8,54,20
2,30,8
6,69,35
4,14,91
7,61,82
2,8,68
7,79,6
4,83,94
1,75,34
2,12,46
8,77,88
5,32,1
5,79,65
5,15,98
2,51,70
4,95,87
8,82,6
2,84,3
6,8,6
7,52,2
8,67,62
6,47,68
8,25,33
4,96,86
7,76,58
1,9,7
6,12,9
6,38,73
3,69,55
9,70,54
4,63,9
7,3,61
4,29,82
2,22,21
6,87,48
9,17,85
