s_j,p_j,d_j
7,44,62
7,45,86
2,34,50
8,61,77
7,65,95
8,26,28
8,6,12
7,40,22
5,34,82
7,80,34
6,1,44
8,74,84
9,87,14
6,27,48
2,6,50
4,52,32
1,44,52
1,4,69
1,51,81
5,44,47
5,60,70
1,55,60
3,37,75
2,32,10
5,53,25
2,15,87
3,62,40
1,89,77
5,1,61
9,11,69
1,76,19
5,43,55
2,55,22
7,71,17
5,74,81
9,65,22
4,43,93
2,65,47
4,53,15
5,15,71
5,88,91
5,71,45
8,55,47
6,32,28
6,36,87
4,95,74
2,68,74
6,91,49
7,9,71
5,94,5
3,36,98
7,49,91
5,92,41
6,61,97
7,94,37
1,24,68
8,34,9
7,93,12
2,87,84
1,85,33
4,47,44
3,38,49
4,66,87
7,78,40
9,39,61
4,24,68
4,27,53
7,5,20
1,22,39
5,40,32
