s_j,p_j,d_j
9,94,43
6,10,55
8,32,8
7,19,14
5,44,3
4,14,51
4,7,43
6,53,86
3,60,10
8,53,58
3,72,17
3,60,74
9,9,13
2,64,92
6,39,36
2,5,78
2,67,58
9,79,13
4,91,90
7,35,20
7,1,69
4,49,45
5,39,46
1,72,10
2,22,87
7,21,67
4,20,85
1,45,97
5,94,57
5,42,90
1,30,55
6,4,45
5,13,95
8,49,32
5,35,11
5,27,60
8,4,77
1,11,19
3,80,36
3,57,64
7,63,69
3,47,77
8,46,79
1,58,75
9,52,93
6,28,58
9,64,92
5,54,54
3,65,61
2,32,56
2,42,65
8,66,88
9,8,58
9,81,22
8,77,39
8,9,36
8,4,41
6,27,98
9,49,12
8,95,41
7,75,67
6,74,11
2,47,62
5,43,56
7,60,12
7,60,6
4,83,69
1,66,58
2,36,77
7,84,66
4,85,57
2,17,22
9,48,4
4,44,27
7,6,53
8,14,19
1,13,13
3,26,51
4,30,79
7,51,3
