s_j,p_j,d_j
8,82,19
9,60,44
9,86,41
4,42,17
3,91,77
9,8,77
6,97,65
1,34,1
6,72,53
8,58,83
8,14,68
9,25,86
6,13,10
6,59,11
8,78,55
7,1,70
6,7,53
5,62,29
7,70,5
1,7,67
5,81,95
8,72,13
4,35,15
2,60,53
6,76,26
6,98,93
6,62,10
1,59,87
1,27,32
9,38,57
7,53,72
8,87,23
5,45,16
6,84,41
3,93,82
1,9,10
4,88,31
1,25,53
5,73,17
6,72,85
5,26,56
6,67,34
4,6,52
4,21,46
7,9,21
7,48,17
8,16,49
8,30,68
5,28,29
6,25,54
6,70,41
4,55,49
9,70,44
9,32,34
4,80,92
5,52,63
6,90,95
2,17,31
8,1,90
7,69,68
