s_j,p_j,d_j
5,11,41
8,30,2
7,43,87
8,81,52
4,24,74
9,10,27
6,32,21
4,67,20
3,93,28
7,71,6
8,24,12
8,9,23
5,56,77
7,27,81
4,17,61
6,24,15
8,48,22
3,86,41
1,7,20
3,92,13
5,61,39
5,85,64
5,85,28
8,46,22
7,89,85
1,61,18
9,37,85
4,5,18
7,49,71
4,66,10
6,25,62
1,18,65
5,45,46
6,53,59
4,85,55
9,88,23
4,24,29
8,83,71
1,35,48
5,44,24
2,55,64
1,71,51
3,83,75
9,36,50
8,40,10
5,54,86
3,25,71
6,91,65
7,65,19
9,78,93
7,71,33
8,24,70
3,57,98
5,67,41
8,82,13
6,5,22
9,90,69
9,32,88
7,49,84
6,45,98
4,41,93
2,82,62
8,8,28
6,22,59
7,3,96
6,72,33
7,59,38
4,86,26
1,71,98
1,26,43
9,66,66
3,52,53
4,5,7
3,92,42
5,90,38
2,16,15
9,56,41
1,36,42
5,75,42
2,10,18
9,94,46
2,88,63
2,6,70
1,86,54
7,36,9
4,6,68
9,81,44
2,72,25
7,32,51
1,31,45
