s_j,p_j,d_j
1,1,3
4,3,19
8,80,34
2,55,71
7,92,35
5,75,88
1,56,29
4,21,79
9,39,44
8,80,29
6,78,24
5,70,53
2,24,20
1,98,10
4,63,52
2,69,35
2,59,9
3,77,56
5,86,4
9,53,52
6,72,66
8,31,48
3,45,30
6,85,63
3,96,6
1,48,91
6,31,71
2,56,88
8,80,41
1,89,5
1,37,64
8,1,87
7,59,78
6,34,24
6,52,64
1,5,85
2,93,84
6,30,60
7,67,75
2,16,90
7,49,49
4,23,54
4,61,6
9,92,84
3,51,41
7,29,26
3,33,37
9,32,8
9,98,16
1,9,11
5,73,23
5,28,40
5,12,35
1,82,74
9,1,8
6,6,36
1,29,87
7,28,95
7,22,68
8,97,39
