s_j,p_j,d_j
5,30,92
1,77,55
7,9,75
5,76,6
9,63,14
1,28,25
4,59,35
3,3,70
5,97,49
7,58,53
4,26,41
1,60,3
7,77,1
3,95,39
6,65,26
8,35,82
1,50,60
7,5,38
9,82,90
7,26,69
2,45,39
3,55,33
7,23,50
8,6,47
8,59,36
1,65,41
9,4,32
6,10,7
5,30,25
4,15,94
6,35,46
5,6,89
8,41,84
3,51,98
9,69,85
4,77,90
4,25,64
2,73,82
1,56,31
6,22,17
1,80,33
8,5,49
8,15,80
4,93,68
8,19,47
6,96,75
7,76,49
6,54,83
7,37,33
3,82,66
5,63,35
1,28,30
1,24,97
7,9,15
9,72,80
6,73,49
2,4,73
9,95,77
9,10,83
7,4,96
