s_j,p_j,d_j
2,9,13
8,81,86
4,79,53
3,71,94
9,2,23
7,58,67
3,59,16
7,67,68
8,69,87
6,78,89
6,44,13
6,53,80
3,10,29
8,24,39
5,85,93
3,52,1
2,62,6
4,87,38
9,68,90
3,89,74
4,88,92
8,72,26
8,45,54
7,71,40
8,16,2
9,57,3
7,71,2
2,79,78
6,37,16
4,83,63
4,2,73
2,87,15
5,71,29
6,38,66
5,86,92
6,59,11
7,27,3
8,51,49
1,24,93
4,27,32
2,57,44
4,90,42
8,46,34
3,25,70
7,21,52
4,19,25
6,68,70
2,69,25
9,23,69
5,72,92
9,44,13
1,10,89
2,35,19
4,22,66
8,24,32
2,77,68
7,98,88
7,71,82
7,82,23
2,96,28
1,52,17
9,25,23
6,91,35
4,34,7
9,14,71
3,33,15
7,79,22
1,53,3
9,15,91
3,6,66
1,86,38
2,33,2
8,28,36
2,75,4
9,93,21
1,46,62
8,90,90
1,87,89
6,61,40
3,46,67
