s_j,p_j,d_j
8,91,7
6,37,66
1,63,65
6,81,25
9,17,19
6,42,30
8,28,67
7,86,55
8,1,6
8,7,98
7,73,60
9,46,63
8,40,12
6,15,50
2,59,63
1,65,91
4,74,41
4,49,24
8,40,37
2,46,40
7,88,44
6,36,86
6,18,83
1,67,34
2,10,18
3,69,65
9,94,11
9,31,65
1,97,90
8,76,24
4,5,2
7,5,9
2,49,67
7,17,94
8,72,65
7,8,19
1,41,78
1,58,86
4,26,42
9,70,51
4,32,88
8,58,66
7,60,14
6,58,73
5,29,89
2,91,65
7,96,44
8,38,3
1,70,94
3,2,14
6,24,81
7,45,77
2,66,65
1,89,75
8,83,82
5,31,20
7,87,22
7,72,65
2,42,50
8,65,21
3,3,96
2,44,71
4,20,80
5,53,93
8,88,69
4,38,84
5,64,75
2,11,82
7,34,73
4,71,37
