s_j,p_j,d_j
3,16,22
5,19,79
5,38,4
2,82,60
4,71,53
9,32,74
3,37,61
1,70,19
2,78,82
5,42,53
1,90,7
9,46,67
8,57,46
2,18,86
6,84,88
4,91,15
9,78,53
5,86,43
7,30,83
7,29,89
5,32,13
3,94,31
1,45,3
8,98,6
4,92,70
8,65,42
6,16,66
5,73,30
5,14,13
4,46,1
5,6,53
6,21,24
3,88,12
4,34,24
6,72,92
5,19,42
8,8,64
3,46,68
1,60,46
2,58,48
8,59,12
6,37,53
7,16,40
7,41,42
1,60,29
3,93,95
2,21,31
5,37,70
2,52,43
9,6,7
9,65,50
8,35,18
4,29,34
7,86,29
6,25,65
1,1,32
1,63,27
8,19,34
8,59,5
5,77,23
3,85,88
2,62,4
2,86,92
1,74,70
8,3,29
8,87,45
5,15,10
5,39,62
7,97,62
5,21,16
9,55,85
8,23,83
7,64,34
1,38,27
1,97,22
7,88,46
1,71,7
3,82,42
9,75,24
2,89,65
