s_j,p_j,d_j
3,21,38
2,47,9
7,43,48
6,88,63
2,35,46
6,82,93
4,31,47
2,68,95
5,97,69
7,85,18
9,24,36
7,22,30
7,43,48
7,49,3
4,62,11
1,28,64
1,41,65
4,24,45
6,15,12
1,54,41
6,25,21
2,97,90
5,18,11
4,8,87
6,23,87
4,18,86
4,73,57
4,70,37
4,90,63
5,31,67
8,30,59
6,53,8
3,93,2
5,6,17
4,47,65
9,46,70
1,64,8
1,4,92
2,28,13
2,86,29
8,46,36
4,19,2
9,5,71
4,87,1
5,14,31
4,22,98
5,87,80
8,14,59
2,1,30
4,3,48
3,50,96
2,87,28
7,95,89
6,27,59
1,16,44
9,49,73
5,83,17
1,26,83
5,97,54
8,96,20
