s_j,p_j,d_j
2,63,84
9,57,67
3,92,4
5,75,34
8,50,79
9,47,50
7,29,37
7,58,63
9,80,74
8,93,11
1,21,4
6,54,61
6,23,75
8,67,69
9,60,3
2,95,94
6,54,19
5,84,18
1,89,56
1,59,26
4,9,66
1,97,38
5,61,38
6,75,9
1,46,28
2,74,7
3,52,50
2,94,4
8,88,39
9,36,31
4,33,54
5,82,38
4,91,42
2,63,52
3,59,32
7,31,38
2,22,70
1,49,20
7,71,51
6,19,33
4,98,32
7,68,78
5,86,71
1,79,50
5,92,92
2,85,80
8,17,81
2,89,97
4,11,66
5,62,66
4,75,5
9,9,3
8,91,34
2,75,65
3,84,92
2,86,20
7,18,22
2,25,53
4,1,52
9,48,77
7,36,26
2,38,84
1,25,13
6,70,21
1,80,98
2,60,81
6,30,59
6,88,91
2,78,91
9,20,24
