s_j,p_j,d_j
7,46,31
6,8,75
7,84,97
6,2,9
5,58,74
5,45,2
6,63,43
7,52,16
9,4,79
5,61,73
5,97,48
8,70,49
6,9,11
5,18,42
2,62,20
4,51,44
4,53,49
4,14,9
1,50,77
3,39,39
2,75,45
5,28,62
9,21,2
7,27,9
1,33,37
3,67,42
5,83,88
7,10,19
4,17,47
1,36,24
5,80,47
1,47,30
5,97,96
5,36,55
3,92,70
3,73,75
4,6,1
6,24,7
8,75,73
6,41,10
3,43,56
2,74,48
2,66,52
8,98,83
8,90,38
4,28,34
9,8,45
1,7,63
7,28,49
5,41,34
7,51,90
5,64,47
6,63,15
8,82,43
5,30,7
8,31,72
7,3,66
9,23,83
9,97,24
7,13,42
