s_j,p_j,d_j
8,81,75
2,17,10
1,14,66
6,58,20
8,8,67
2,19,50
4,57,39
3,50,49
8,22,80
5,43,91
4,12,9
7,84,21
3,20,26
5,45,19
8,36,46
2,35,85
3,80,28
2,86,41
4,8,72
5,54,71
7,26,14
3,34,80
3,77,15
7,77,68
7,72,47
4,7,63
9,15,12
1,15,27
5,5,16
4,7,28
4,5,5
9,5,6
1,4,77
8,95,20
9,34,98
9,33,73
1,45,34
2,79,25
1,54,55
4,64,10
3,49,94
9,98,32
8,43,96
9,57,79
3,17,59
5,55,40
6,56,66
2,44,8
3,73,35
3,61,43
5,55,60
3,35,40
5,57,46
6,20,36
6,31,70
6,61,34
4,66,76
1,60,56
4,35,52
6,7,97
7,39,3
9,81,49
7,42,52
4,46,62
5,70,94
2,36,84
3,12,64
1,6,48
6,44,59
1,96,63
2,61,43
7,67,85
4,65,4
9,24,1
5,94,72
4,14,79
9,36,15
3,13,47
6,34,11
6,35,44
