s_j,p_j,d_j
8,98,54
5,96,13
2,30,65
2,49,39
1,21,4
9,43,58
1,69,98
8,72,8
9,32,47
4,90,64
1,41,5
5,40,94
6,95,12
2,21,7
3,57,54
2,52,71
6,49,46
5,88,16
4,58,12
1,2,98
9,72,48
9,35,32
5,59,69
2,67,82
2,9,34
7,39,11
4,41,37
7,64,89
7,96,23
9,8,95
7,8,50
4,22,25
1,46,70
9,66,95
4,16,65
1,96,21
9,84,68
6,74,19
7,21,32
7,16,56
1,67,6
9,5,35
2,70,70
4,39,97
3,41,29
3,61,51
2,33,17
3,52,94
1,75,59
4,95,98
9,78,34
2,90,8
1,74,24
7,65,45
8,35,83
4,7,21
9,55,69
3,20,32
3,64,9
8,48,50
5,87,29
7,52,52
7,23,43
5,41,54
8,92,55
8,45,41
8,50,68
5,77,56
3,74,10
3,20,29
