s_j,p_j,d_j
5,27,49
9,17,12
6,93,44
8,77,48
2,34,75
1,30,59
2,81,86
6,24,87
6,88,87
8,58,3
6,13,40
3,74,71
2,80,95
8,76,35
7,67,97
5,46,70
3,68,26
3,13,30
8,11,38
5,47,60
1,18,71
5,88,40
3,22,21
6,15,64
4,55,41
5,93,57
1,3,90
2,55,50
7,13,13
1,50,42
8,88,15
4,92,58
6,56,93
4,45,85
1,90,76
8,51,51
6,9,53
2,76,95
8,70,3
2,25,33
8,1,31
9,52,86
1,13,38
4,75,42
5,61,5
7,70,63
4,71,41
1,40,39
9,27,48
8,72,43
2,5,69
3,71,25
6,93,26
8,59,28
9,90,25
6,56,71
7,37,3
2,42,8
2,66,84
7,1,88
