s_j,p_j,d_j
7,34,1
2,39,34
6,44,80
3,48,15
5,16,1
3,85,11
7,93,72
5,16,94
1,33,31
8,16,43
8,30,19
5,72,11
7,75,18
4,26,51
5,13,55
4,43,94
2,49,61
5,33,72
9,74,50
8,24,98
5,10,23
1,52,1
7,43,78
1,1,85
5,53,54
2,58,76
3,86,93
9,15,16
6,34,65
2,50,80
4,82,70
1,22,35
3,29,41
1,33,18
1,73,25
5,20,29
6,21,69
8,9,86
7,5,13
7,56,70
3,70,6
9,8,83
3,86,89
1,26,51
2,17,25
5,62,86
4,49,16
9,65,45
4,90,55
6,35,16
6,76,67
6,50,10
5,6,48
1,60,11
8,25,38
3,58,27
3,32,73
7,60,67
1,78,50
3,41,22
5,17,89
3,26,51
9,56,57
1,93,20
4,26,3
3,50,54
4,20,81
2,64,21
1,37,6
4,21,2
