s_j,p_j,d_j
1,11,83
6,57,93
1,45,47
1,33,13
4,82,2
8,32,20
5,50,73
6,36,80
8,6,41
7,13,90
7,86,85
1,68,50
9,87,13
5,74,14
8,9,80
9,79,91
6,3,51
7,94,40
5,44,55
4,52,34
9,7,3
8,92,28
9,37,32
4,4,30
5,49,64
7,58,78
9,8,60
2,10,47
4,93,62
6,36,14
9,18,6
2,79,49
5,70,10
3,59,75
5,52,57
3,75,45
5,81,30
1,36,27
3,21,34
6,23,85
2,89,92
7,51,36
4,70,40
9,11,16
4,24,19
3,56,51
9,27,45
6,29,98
9,15,38
5,48,97
3,59,82
8,43,75
5,53,27
5,6,41
5,25,83
8,35,16
6,7,76
5,13,17
9,94,57
4,42,35
5,87,90
2,10,49
5,42,96
1,33,82
7,96,8
6,89,22
4,39,8
2,73,40
6,45,52
3,30,35
3,76,35
8,6,79
5,3,68
5,5,97
6,19,89
3,69,80
5,83,70
9,42,68
3,28,57
5,93,51
