s_j,p_j,d_j
2,86,84
5,15,96
5,85,77
6,33,48
4,60,40
6,55,90
3,1,55
8,84,45
4,88,84
5,89,57
2,27,95
5,66,34
7,27,10
8,30,54
1,74,24
9,93,16
9,92,81
8,33,2
6,54,38
6,72,58
3,1,1
9,36,89
7,12,29
4,39,64
6,53,80
3,74,66
3,66,48
1,74,61
8,35,38
2,89,63
4,96,95
1,39,83
5,85,42
7,88,31
7,7,74
2,56,91
4,59,3
3,36,18
2,11,58
1,20,33
8,21,6
1,1,75
3,83,75
6,5,6
7,68,55
3,70,19
9,55,81
5,33,2
1,46,50
2,4,85
2,79,66
8,4,60
5,45,79
4,3,11
7,15,7
2,8,63
4,46,15
8,37,35
3,3,96
1,45,84
