s_j,p_j,d_j
7,38,32
6,82,19
7,30,18
3,65,50
1,50,28
5,96,4
3,98,66
6,12,34
6,22,44
8,28,42
1,52,38
8,7,51
4,56,5
4,97,84
4,67,27
1,81,43
8,38,84
4,84,58
4,22,94
6,71,86
4,65,88
3,75,8
1,58,73
9,30,76
9,29,68
9,70,34
7,57,40
5,91,14
6,27,78
5,1,79
5,24,75
2,50,88
7,31,74
9,58,14
2,24,25
8,46,36
3,25,37
9,60,84
1,79,77
9,18,7
2,76,64
4,9,17
8,4,90
3,89,71
3,45,49
2,97,73
8,80,30
3,47,39
2,5,55
5,19,13
4,95,31
9,92,36
6,55,83
9,35,74
7,50,72
7,72,40
3,65,65
7,75,75
7,38,73
5,55,93
