s_j,p_j,d_j
8,77,39
9,95,43
2,67,51
2,54,73
7,65,34
8,65,76
7,81,62
9,52,47
6,23,48
7,8,78
6,63,77
8,5,71
8,82,87
2,5,71
2,12,45
8,48,54
2,37,48
6,37,12
6,45,59
7,66,85
6,51,57
5,81,58
9,51,95
4,81,49
6,21,24
3,56,6
2,85,94
8,79,80
7,33,53
2,73,37
2,75,78
9,18,80
9,46,72
7,82,87
8,73,89
6,29,84
1,5,24
7,29,84
7,28,24
4,31,10
3,38,16
6,82,18
1,85,90
7,58,41
7,6,21
6,5,3
5,92,28
9,88,65
9,93,60
9,10,79
8,75,64
2,48,51
7,91,25
4,16,18
5,86,18
5,36,45
5,48,26
2,75,22
8,84,40
2,77,10
8,53,89
9,17,1
6,68,81
3,86,76
7,80,57
8,24,8
7,9,81
2,10,97
9,8,74
1,28,76
