s_j,p_j,d_j
8,2,52
6,67,72
6,83,96
5,86,27
9,2,6
3,88,30
7,4,6
4,88,90
3,62,2
4,20,25
9,97,26
7,16,75
9,5,83
3,81,28
5,84,91
2,10,98
6,50,69
8,67,42
2,64,9
3,63,77
8,9,93
8,83,73
4,2,68
1,74,26
5,24,52
3,59,4
5,44,66
4,22,16
7,38,36
8,85,72
9,32,9
7,62,31
5,56,88
8,76,43
8,47,65
2,54,47
6,64,12
2,85,87
5,63,63
2,95,71
4,78,40
3,29,50
4,69,71
1,65,33
9,91,66
4,6,60
5,20,37
2,50,27
1,78,30
3,75,67
7,13,36
6,62,71
9,1,21
7,73,87
8,64,78
5,98,71
9,14,70
2,56,65
7,4,24
1,98,28
7,25,80
8,28,71
3,25,8
4,36,48
6,55,1
2,84,19
6,90,40
5,52,47
4,30,7
2,13,28
3,18,86
2,56,79
9,59,75
4,37,50
3,10,91
5,1,68
1,97,64
5,98,90
6,67,51
9,43,1
