s_j,p_j,d_j
9,60,2
2,1,37
5,11,97
1,29,86
7,55,3
9,23,11
4,33,69
5,7,8
7,63,43
4,64,59
9,87,31
4,1,16
5,41,13
2,37,43
5,43,80
2,25,95
7,7,39
9,55,10
5,88,22
6,67,12
6,64,59
2,25,89
6,41,8
1,8,22
7,98,6
1,50,29
5,94,57
8,16,4
9,44,12
6,75,24
1,71,4
2,86,76
7,35,73
1,41,23
9,79,88
9,24,88
8,63,69
3,84,33
5,29,13
1,34,48
8,71,26
9,94,65
5,70,6
7,93,89
4,19,11
6,59,47
9,45,4
6,54,17
7,89,83
8,76,43
3,59,56
7,81,90
7,76,19
3,71,69
1,10,16
7,30,65
3,31,14
7,26,87
1,10,83
1,63,29
7,4,70
3,42,71
2,58,53
5,84,9
9,91,1
6,78,81
4,96,68
1,55,50
2,72,98
9,47,47
1,54,94
5,59,59
1,4,12
8,16,30
1,3,39
3,57,36
3,81,5
8,52,41
3,80,26
8,16,47
2,62,5
2,57,6
2,71,38
7,31,49
9,82,5
9,17,54
7,23,2
4,26,3
2,35,9
1,29,85
