s_j,p_j,d_j
1,65,8
6,82,53
4,25,61
9,57,61
4,17,6
4,27,37
9,93,22
6,85,69
1,48,93
5,2,29
6,7,80
4,24,18
9,13,89
4,15,20
9,18,78
2,3,82
8,35,19
1,66,19
5,76,66
3,52,76
7,2,54
7,37,61
6,31,83
5,7,53
8,19,95
3,94,16
5,51,80
7,42,6
3,18,76
6,97,21
6,98,19
8,13,1
4,5,46
7,76,52
4,75,80
3,54,11
5,9,58
3,88,96
5,28,8
4,94,27
8,62,94
1,29,28
2,11,97
5,56,57
7,12,59
2,96,98
7,47,58
5,54,91
6,90,75
3,13,55
9,55,83
3,37,26
2,30,55
8,96,87
5,27,33
8,24,13
1,66,77
1,9,69
8,82,69
4,65,61
7,62,73
3,98,95
2,28,37
2,82,74
7,68,56
3,4,97
9,10,25
8,42,21
9,32,80
7,98,15
8,55,18
7,98,33
9,8,62
6,8,92
4,5,49
9,28,54
8,80,31
5,7,83
8,1,77
9,29,10
9,96,25
6,9,13
5,3,50
6,11,59
7,45,12
3,19,66
5,40,30
6,5,82
9,2,67
8,96,92
