s_j,p_j,d_j
1,7,68
3,12,48
3,21,89
7,50,45
4,93,16
9,15,53
5,35,86
7,47,76
3,28,23
6,98,24
2,6,49
8,52,24
6,8,77
2,36,86
2,89,25
8,60,46
7,78,24
4,66,7
4,80,10
1,37,64
4,16,85
8,41,55
4,60,9
5,32,35
6,53,57
9,87,78
4,72,72
3,92,89
1,83,78
4,5,8
9,12,1
4,74,3
5,61,62
5,84,71
6,76,92
2,79,15
3,19,10
2,66,93
2,4,67
1,64,72
4,60,65
7,35,43
3,14,60
5,86,45
5,84,67
9,78,60
1,21,40
4,8,43
4,72,2
1,88,86
7,12,30
9,53,47
9,59,44
6,28,47
2,22,38
3,44,18
9,39,12
6,51,1
3,31,87
7,67,9
8,62,32
2,63,14
9,28,96
7,26,30
7,14,80
4,64,38
3,65,58
9,60,9
8,72,92
8,10,53
3,9,16
5,81,81
9,35,57
4,33,8
8,46,50
3,15,34
3,19,77
6,45,30
2,12,41
8,54,9
5,26,51
7,64,49
1,35,93
4,71,27
8,34,84
1,49,93
1,54,38
7,80,48
6,5,19
5,7,43
