s_j,p_j,d_j
3,59,97
1,50,1
9,56,22
7,69,21
2,28,29
6,97,53
6,28,98
1,56,91
6,57,8
8,46,66
9,50,44
6,90,35
4,32,12
1,12,82
2,15,93
8,27,68
8,10,90
6,53,6
9,68,53
1,28,93
4,9,7
8,32,16
7,63,14
3,33,62
8,89,37
4,20,11
6,45,97
3,55,30
3,46,10
1,89,4
7,86,88
4,57,78
6,3,7
7,78,22
2,59,69
9,25,96
6,21,34
8,83,15
2,52,17
9,14,27
8,48,89
3,90,83
7,44,67
4,48,85
1,1,11
8,11,28
5,51,1
7,76,93
4,66,40
1,41,2
7,82,69
6,24,97
3,54,49
9,54,45
5,75,69
4,60,52
9,52,73
4,77,98
3,86,15
9,46,70
2,5,94
4,82,17
3,57,33
4,6,53
3,63,89
9,18,24
7,41,23
9,24,37
5,74,28
5,30,26
3,87,62
1,5,93
5,84,31
3,87,94
9,19,64
5,58,75
7,24,45
8,50,60
1,1,41
5,41,62
7,16,15
2,42,29
6,17,12
6,88,90
3,54,91
5,19,60
9,45,8
8,9,51
2,87,41
1,51,55
