s_j,p_j,d_j
6,16,12
7,52,56
1,51,4
7,32,93
3,29,48
6,70,30
2,39,14
7,5,34
7,78,95
3,44,85
7,60,60
4,24,68
4,55,77
1,50,10
9,14,37
9,81,54
8,76,63
8,74,25
6,42,49
1,97,30
9,77,54
8,97,44
3,12,45
8,79,73
2,22,4
1,47,53
8,46,53
5,75,8
3,76,12
8,91,2
3,14,21
4,96,20
3,40,87
5,96,85
9,51,92
2,59,26
4,93,58
6,14,47
7,43,83
5,65,73
2,47,86
1,55,66
5,41,86
7,62,1
7,76,62
2,71,13
3,48,97
2,25,25
1,56,5
4,69,58
3,49,66
3,4,68
5,60,32
5,87,12
7,5,31
1,9,37
4,8,7
2,77,20
8,1,34
3,7,76
3,43,45
1,35,11
8,69,15
2,27,8
2,19,76
6,89,88
6,1,52
5,22,96
5,16,75
8,68,70
6,12,20
3,24,84
4,48,60
5,86,18
9,40,56
1,62,57
1,95,6
8,8,8
5,26,91
4,18,21
6,84,38
6,60,8
5,24,43
2,10,31
9,25,23
7,2,60
7,93,14
6,93,91
1,46,35
7,77,30
