s_j,p_j,d_j
3,70,87
1,44,41
5,98,50
8,17,89
9,5,69
8,45,77
3,23,84
5,18,68
2,95,88
4,77,12
2,39,12
8,19,62
4,77,71
7,33,38
1,42,69
4,56,32
6,63,28
7,86,26
1,29,58
1,18,65
9,67,65
8,62,40
7,26,36
3,18,82
2,20,56
9,81,12
5,80,45
2,49,84
6,40,28
1,39,58
1,46,93
6,14,40
8,62,54
3,47,67
2,76,18
8,2,25
5,86,43
1,25,46
7,4,74
4,14,37
2,80,90
2,71,34
7,19,64
9,75,15
1,35,70
3,80,79
8,81,23
5,91,77
8,67,40
9,5,3
3,59,54
1,95,55
6,66,29
7,56,26
1,76,67
2,38,86
2,77,66
6,75,54
2,77,86
2,79,13
4,57,67
2,71,58
9,2,69
2,38,38
4,68,52
6,28,78
3,75,9
2,8,68
3,34,8
3,2,22
2,74,80
8,37,17
8,35,12
1,69,77
7,50,80
6,28,41
7,51,87
1,91,24
5,47,37
7,12,58
8,76,43
7,1,25
5,92,35
6,52,63
3,50,61
2,11,60
5,94,66
7,36,96
6,76,40
7,21,5
