s_j,p_j,d_j
2,39,3
3,59,32
3,76,84
2,69,66
9,39,29
9,38,25
2,92,2
2,19,31
5,42,22
3,98,93
3,90,94
7,92,10
4,52,8
2,6,88
9,9,24
1,29,30
8,51,70
2,29,50
1,76,66
4,40,89
2,93,90
3,73,1
1,95,1
7,64,66
7,41,75
2,49,97
4,75,79
4,14,42
9,71,19
6,35,53
9,18,62
5,58,50
1,39,38
4,87,28
5,80,93
7,46,21
8,20,62
6,45,91
3,14,84
1,2,3
7,56,24
6,81,66
8,7,57
8,77,95
2,58,71
2,38,73
8,26,25
9,12,7
2,17,52
3,26,77
7,16,16
9,96,80
1,34,92
8,1,44
3,87,16
1,25,26
6,35,42
2,17,75
8,59,40
9,96,5
3,40,50
1,13,24
1,2,58
6,60,52
9,62,38
2,40,57
1,96,76
4,93,40
7,82,34
3,88,50
