s_j,p_j,d_j
7,72,10
6,35,37
3,63,9
1,14,41
6,28,47
9,10,11
7,70,90
4,90,5
2,30,42
7,64,84
2,67,54
6,36,41
6,36,32
9,76,82
2,20,22
8,31,22
2,36,92
6,14,26
2,86,1
1,81,73
4,40,48
7,27,66
5,60,40
9,14,85
4,59,27
6,42,96
7,25,24
5,41,92
5,37,93
6,55,4
7,53,75
9,64,98
7,20,93
4,21,38
5,37,73
1,76,78
7,67,2
1,12,44
4,61,45
4,24,68
6,33,66
7,53,26
4,11,30
6,73,55
6,30,74
2,98,66
8,62,16
4,42,55
4,46,75
7,18,9
2,61,75
4,86,67
9,34,46
2,96,31
1,41,95
6,40,81
5,43,18
5,78,54
8,40,21
3,61,85
5,58,46
7,37,35
1,19,52
9,43,22
3,59,51
6,71,95
2,15,84
1,60,90
2,53,83
3,58,4
4,53,14
7,55,35
4,59,8
8,20,53
6,22,8
2,74,17
3,25,67
7,62,61
7,48,26
8,88,27
5,94,16
6,11,9
8,3,31
1,66,45
6,69,90
6,59,7
5,80,69
6,79,4
2,75,80
6,23,93
