s_j,p_j,d_j
7,77,51
9,24,90
5,8,48
4,5,80
8,9,74
6,5,13
5,66,67
3,93,85
3,17,49
9,61,77
6,35,64
4,60,96
4,60,26
1,32,59
4,5,40
2,31,65
2,56,10
4,61,88
7,30,96
3,86,20
5,30,70
1,3,11
7,44,56
2,85,86
7,17,66
8,73,25
7,74,76
6,91,94
6,74,42
4,30,57
6,51,33
8,86,69
2,13,16
8,17,59
9,45,59
3,37,88
7,61,64
9,82,24
8,44,20
5,6,38
9,22,76
2,43,30
7,5,12
1,48,27
5,17,81
2,39,53
7,93,91
8,55,70
2,94,69
1,22,53
1,30,8
7,88,32
1,81,25
3,98,54
9,91,38
9,19,73
9,83,90
7,74,1
3,80,33
8,54,17
7,44,2
1,23,19
1,40,10
8,53,18
8,74,46
2,56,47
2,60,65
6,62,85
8,67,84
1,3,53
