s_j,p_j,d_j
8,49,15
3,28,5
5,25,29
1,96,43
8,41,19
5,73,90
5,19,38
9,43,93
8,67,62
7,92,42
5,33,63
1,74,11
1,40,68
7,11,42
1,77,61
8,4,20
7,66,34
8,90,35
4,12,4
6,3,18
1,38,38
2,82,43
3,17,92
2,14,58
8,93,64
6,94,56
2,72,29
8,48,93
2,78,32
6,97,16
4,26,97
2,17,25
7,3,3
5,1,87
2,4,88
6,15,77
2,35,90
3,86,23
8,22,40
3,1,52
6,92,69
3,4,91
1,66,61
9,55,31
3,30,18
3,59,43
6,86,73
6,3,85
9,43,29
2,96,74
6,47,1
1,55,94
4,35,98
4,84,20
9,93,40
5,89,83
4,69,18
2,57,14
8,88,78
8,18,31
