s_j,p_j,d_j
3,10,52
6,36,37
8,73,46
4,87,85
9,1,98
8,67,95
3,36,63
1,67,55
1,73,34
4,23,18
6,40,9
5,7,71
7,15,46
5,2,86
8,52,63
2,80,90
3,76,60
9,75,63
2,2,5
3,39,31
4,7,48
3,55,50
1,21,6
2,47,80
4,93,76
6,27,56
5,33,18
8,67,83
3,4,39
5,10,71
1,5,45
8,43,35
6,69,22
1,26,7
3,46,8
9,80,61
2,32,8
6,23,61
7,90,30
4,12,81
8,47,55
4,88,22
1,29,54
7,67,56
8,57,11
9,83,59
1,76,51
6,29,14
4,88,87
3,5,67
6,24,89
2,4,48
7,61,75
8,31,96
6,40,68
5,46,9
9,38,1
4,92,9
2,44,86
8,92,5
