s_j,p_j,d_j
7,6,4
5,2,4
8,15,58
6,19,47
3,26,31
7,32,29
3,61,51
7,94,71
5,40,39
1,25,93
4,46,6
6,18,47
5,63,52
6,5,77
2,20,47
9,47,52
7,76,35
2,24,61
5,5,51
2,18,64
2,14,7
9,16,90
8,72,57
1,10,78
5,15,13
6,63,88
4,23,76
2,23,4
9,49,58
4,62,4
1,43,82
6,28,14
1,32,80
9,91,86
8,82,97
5,49,11
4,42,76
5,37,86
7,44,95
6,77,43
5,93,59
7,69,15
4,42,34
6,97,81
7,88,4
8,71,11
5,71,24
8,11,5
4,2,12
2,2,42
6,47,60
8,75,56
4,85,26
9,82,94
9,65,35
7,53,56
2,3,11
9,33,70
6,32,31
6,52,66
3,48,49
5,42,34
2,7,18
3,61,66
7,38,55
2,3,12
1,40,77
3,26,23
2,6,68
4,64,51
