s_j,p_j,d_j
7,69,75
7,69,55
1,92,7
1,53,29
3,34,14
1,15,31
5,36,54
5,63,68
5,25,20
7,5,61
3,89,77
2,7,28
6,76,3
2,88,79
7,16,63
8,14,86
5,66,58
8,84,14
6,25,46
1,50,5
2,18,13
2,18,53
5,86,37
9,12,88
9,80,79
4,16,55
7,25,27
4,89,4
5,4,67
7,28,95
7,3,35
2,82,48
3,27,24
3,57,94
2,66,4
8,38,89
8,36,86
6,52,20
1,73,22
9,8,56
2,54,23
5,66,31
3,40,36
5,2,43
1,80,98
8,98,56
9,20,12
5,72,62
5,13,53
1,32,34
7,36,87
4,89,92
6,98,37
1,97,34
6,60,65
3,69,22
8,20,72
8,92,29
1,15,85
7,58,5
3,30,77
7,44,35
6,56,30
8,14,28
3,14,61
2,30,81
8,63,30
6,54,73
7,37,72
7,98,93
4,46,5
5,49,73
5,78,53
6,9,85
1,45,50
4,4,17
5,35,86
6,52,84
5,97,65
1,17,52
1,39,30
5,72,47
6,78,59
3,23,64
2,97,77
6,8,17
3,52,19
7,92,25
4,59,66
1,53,92
