s_j,p_j,d_j
2,43,73
7,72,64
1,7,27
3,1,74
6,73,53
9,80,73
3,28,49
7,1,97
1,51,27
5,57,89
7,75,68
2,21,94
5,58,52
9,16,34
1,37,22
9,97,94
2,6,19
6,80,17
3,90,58
5,30,46
4,91,25
3,81,97
8,65,38
3,17,93
8,83,50
4,5,52
6,6,83
3,89,59
9,97,9
2,49,69
1,88,10
9,84,18
7,8,3
6,57,18
8,94,38
9,17,31
5,72,46
1,21,1
1,12,72
7,6,37
5,6,29
3,53,48
3,5,85
2,91,34
4,13,55
2,27,68
1,33,96
3,24,34
4,72,47
3,4,92
7,60,58
5,87,21
8,59,95
8,47,88
4,29,3
4,70,3
5,76,12
6,96,69
8,83,27
1,54,24
9,38,33
6,97,42
1,37,17
3,22,46
4,61,95
6,95,29
9,15,51
6,94,15
3,59,70
6,40,86
8,88,24
7,23,47
8,52,1
1,30,8
4,47,55
3,52,21
7,70,17
5,68,20
6,61,55
2,60,3
