s_j,p_j,d_j
2,86,74
8,85,68
4,61,93
2,94,19
5,66,23
6,72,84
7,28,63
3,81,10
9,33,67
9,51,82
8,28,21
4,95,62
3,17,57
9,69,40
6,48,92
7,15,97
4,51,73
5,86,71
2,51,43
1,34,17
8,79,79
6,31,79
1,45,20
2,48,87
5,21,15
1,41,16
2,36,22
7,14,78
2,18,15
6,98,5
6,28,39
2,14,26
3,24,65
3,12,24
7,19,22
2,91,15
4,2,24
9,18,73
4,18,73
6,37,90
7,42,42
7,78,36
5,13,45
2,80,20
4,49,48
5,26,47
8,8,35
1,26,35
1,84,4
3,60,50
9,98,29
9,86,51
6,24,27
7,50,34
6,82,72
1,94,23
9,9,27
1,27,1
1,71,53
2,41,44
6,55,72
5,16,46
8,75,53
9,38,57
9,84,73
4,29,45
1,35,84
2,79,15
3,66,74
5,56,63
1,60,44
1,52,3
8,86,2
5,7,64
9,2,98
7,4,53
6,95,36
2,17,20
9,46,2
7,88,51
3,50,89
6,76,83
4,75,91
8,6,57
1,35,32
3,64,68
9,80,74
6,70,3
9,60,13
3,12,72
