s_j,p_j,d_j
4,29,59
4,75,98
8,2,19
9,98,11
3,22,21
9,62,4
6,98,33
8,47,86
2,93,67
9,91,23
1,58,32
3,32,48
2,51,71
4,33,78
8,32,70
8,24,93
1,69,50
5,73,49
5,62,31
2,60,64
4,19,22
5,87,26
1,83,67
7,68,95
7,40,37
3,31,40
9,21,44
1,55,72
2,21,15
6,89,33
5,91,10
5,10,20
9,80,27
3,51,89
4,5,30
9,3,30
8,6,28
9,46,98
8,48,15
4,48,49
6,45,46
2,64,44
5,8,32
4,44,12
1,33,4
1,36,10
1,65,97
2,52,7
5,94,39
1,12,45
9,81,68
2,71,18
3,77,43
1,25,96
5,85,70
2,60,6
5,45,12
9,6,37
3,53,53
1,97,40
