s_j,p_j,d_j
6,13,44
6,59,14
4,8,67
6,53,56
6,29,90
1,15,14
7,90,9
5,32,83
1,67,31
4,11,54
4,55,41
5,73,21
7,14,36
3,28,38
2,84,5
2,48,65
3,46,31
1,67,68
7,9,93
3,88,4
6,33,14
4,77,70
6,23,63
3,93,69
4,39,58
7,56,24
9,78,28
5,60,7
3,23,61
5,4,5
3,22,59
2,33,12
3,46,45
1,16,72
3,56,16
5,78,74
8,42,41
3,92,89
4,46,96
2,2,15
1,58,70
8,14,9
9,31,29
3,45,68
4,78,73
1,21,55
8,87,68
1,39,39
9,15,10
3,45,52
2,82,85
8,28,51
4,47,63
9,69,90
2,4,49
7,14,18
5,77,12
9,33,8
5,94,80
8,38,51
8,23,55
2,73,54
4,68,5
7,20,3
4,98,83
3,38,24
3,79,96
8,15,81
8,60,49
6,58,1
7,97,91
7,33,47
9,49,10
9,23,48
3,34,86
7,93,45
3,85,41
1,42,76
8,36,18
9,71,57
8,78,16
9,15,50
7,36,89
7,47,73
5,11,49
4,10,64
2,93,14
7,34,3
8,15,35
9,9,34
