s_j,p_j,d_j
2,51,3
3,94,23
3,60,84
3,35,2
1,27,10
1,28,61
2,2,78
2,4,38
3,1,87
9,27,2
9,84,75
3,20,59
3,54,43
2,72,96
1,66,21
1,87,93
4,80,65
3,98,40
8,5,29
9,25,53
7,88,31
8,26,41
2,32,15
1,86,10
1,51,87
4,70,43
4,72,14
1,50,70
1,73,95
1,65,77
4,76,55
5,93,13
7,50,21
7,12,37
3,8,22
2,67,90
8,97,31
4,43,1
7,8,15
7,82,93
2,6,83
6,4,68
4,29,10
8,47,56
7,87,95
9,9,64
2,18,95
4,70,78
3,11,19
4,16,53
8,44,28
7,14,38
4,63,15
4,67,24
1,8,6
6,69,94
7,89,21
6,49,27
8,21,48
6,65,9
5,76,77
6,45,84
8,38,58
2,97,73
9,86,64
5,1,46
1,91,19
6,22,10
4,94,85
3,79,53
2,27,89
9,70,54
5,27,66
2,26,66
6,23,35
3,81,43
9,3,1
6,59,62
4,4,76
4,63,34
