s_j,p_j,d_j
8,81,73
5,51,8
7,6,94
7,95,80
4,84,87
6,67,81
9,51,59
3,4,11
8,20,21
2,38,92
8,68,50
7,21,54
6,90,27
9,23,19
1,10,36
5,80,56
3,91,93
5,49,72
5,80,31
4,20,19
6,42,14
5,45,39
2,80,75
3,1,57
4,71,81
3,66,42
4,66,28
5,8,71
7,35,81
8,35,92
4,97,6
7,8,42
3,85,73
5,21,15
3,25,68
6,8,18
5,93,7
9,71,76
9,49,65
1,29,54
9,15,49
7,2,61
6,44,32
5,54,70
7,80,63
6,12,42
2,40,59
7,41,83
3,43,93
1,53,64
2,87,2
5,81,30
3,70,81
9,48,38
9,62,68
3,77,84
9,84,85
3,66,15
3,46,81
2,94,11
3,28,79
6,85,30
1,45,41
6,12,24
6,42,92
5,81,13
7,92,2
1,11,79
1,13,18
8,20,33
9,40,93
6,6,6
3,29,86
2,39,5
6,37,58
2,81,1
8,32,24
2,18,40
6,8,63
2,47,81
