s_j,p_j,d_j
7,24,58
6,29,55
7,83,75
5,93,6
2,54,18
9,10,24
6,2,82
5,97,21
2,63,57
5,33,45
7,69,89
1,33,93
3,33,29
8,48,94
8,21,57
9,7,69
5,49,59
5,77,91
5,76,29
2,49,66
1,11,92
8,72,94
1,96,63
1,70,6
2,84,13
9,35,33
5,12,14
6,90,43
5,57,86
4,55,97
8,79,4
5,55,89
6,20,81
4,30,44
1,91,94
6,45,66
5,84,17
5,28,53
9,54,23
5,80,22
8,86,35
6,52,17
5,81,69
3,21,17
4,91,51
8,6,63
9,23,6
8,49,38
3,38,30
2,11,26
1,75,44
2,9,95
1,60,58
1,9,64
1,84,43
2,39,32
6,85,13
3,50,16
2,43,89
7,84,35
6,72,86
3,68,18
3,67,69
2,47,97
4,56,87
4,90,3
9,77,45
3,37,58
8,66,69
7,98,15
9,59,58
4,58,95
5,12,51
5,53,52
6,71,74
7,42,35
1,4,21
4,6,6
1,66,13
8,47,83
