s_j,p_j,d_j
4,24,76
5,1,19
5,16,6
4,23,60
7,1,94
2,64,97
6,15,18
1,25,7
8,58,21
7,73,97
3,69,3
6,39,31
9,93,90
1,33,43
5,83,70
9,49,51
7,68,79
4,19,94
6,57,20
1,39,26
3,39,61
5,1,73
2,24,85
7,51,48
8,88,86
7,90,86
2,67,23
7,5,43
1,39,69
1,23,23
5,15,96
8,3,80
6,69,49
7,57,98
6,70,69
7,22,10
1,82,44
3,61,31
5,72,42
9,27,30
5,3,21
7,33,41
9,26,25
6,71,69
3,97,66
3,9,42
7,17,82
5,53,37
1,95,7
2,75,94
9,76,66
2,21,58
5,81,70
9,61,4
5,10,44
7,54,86
1,75,52
1,94,87
4,56,39
6,87,94
6,80,7
3,59,71
6,98,86
9,33,21
8,60,6
1,42,61
1,94,67
3,67,7
7,7,49
8,18,27
