s_j,p_j,d_j
6,11,24
4,92,23
9,35,94
5,81,50
6,10,10
4,17,16
8,81,50
3,90,50
3,24,8
9,23,15
5,7,91
8,57,84
1,95,18
2,91,25
9,31,13
5,73,31
6,73,80
6,3,1
4,54,86
8,70,63
2,29,37
5,39,11
9,24,25
7,97,48
9,86,25
2,74,63
4,92,91
5,20,73
2,16,5
5,8,59
3,37,32
2,79,29
7,54,35
2,85,87
2,43,79
8,91,13
6,43,92
8,57,62
3,96,79
7,74,46
8,83,93
5,19,46
2,70,44
6,86,68
1,65,39
2,27,13
9,82,98
1,7,76
4,68,6
7,90,43
4,47,58
2,75,22
7,51,77
5,73,23
7,95,9
1,68,96
9,23,48
9,84,57
9,82,84
7,19,50
1,22,29
6,13,58
7,96,27
3,61,38
6,92,58
9,29,74
3,70,3
2,33,4
3,3,45
1,38,65
