s_j,p_j,d_j
7,73,60
4,2,25
9,60,56
8,50,85
7,76,75
7,48,41
4,5,49
1,73,39
5,64,4
9,84,28
1,1,51
9,3,10
8,20,65
9,65,83
6,89,86
9,92,6
7,21,4
9,49,37
8,82,53
6,77,3
6,97,42
2,67,64
3,67,72
9,55,84
3,91,52
4,10,2
2,21,25
4,11,77
5,79,23
6,88,8
5,50,22
3,27,9
4,85,52
6,54,74
7,70,38
2,26,65
7,5,28
3,50,28
7,89,26
1,85,87
6,31,95
9,91,49
6,26,77
8,66,54
8,33,73
9,28,11
5,64,77
8,77,17
8,8,20
9,85,81
9,90,96
8,6,22
9,94,77
3,89,72
3,28,14
9,96,29
6,22,66
3,53,49
4,35,78
6,46,86
8,56,46
2,77,20
9,40,38
7,87,45
8,30,55
3,82,1
4,93,94
4,87,50
9,63,78
3,66,6
