s_j,p_j,d_j
1,67,27
6,69,4
9,2,51
8,74,26
8,8,10
5,91,23
7,44,76
8,70,32
3,30,83
2,64,81
7,49,39
7,29,7
6,98,80
7,45,44
9,1,85
9,76,6
5,39,43
8,40,53
5,22,66
4,11,18
5,95,4
8,28,47
8,22,44
4,78,90
9,62,60
7,13,97
7,76,43
1,53,22
8,10,10
4,13,60
6,55,45
5,49,72
5,91,74
7,3,31
9,28,17
2,13,64
4,31,67
1,34,85
3,93,21
9,21,27
5,7,34
5,2,29
8,95,41
2,63,52
5,79,30
8,97,26
9,18,7
8,83,10
7,30,25
1,7,9
2,48,55
8,87,90
6,87,2
6,76,71
3,90,48
6,81,19
3,59,98
9,16,86
6,13,6
2,77,84
2,71,70
3,52,95
5,76,30
3,70,83
3,48,93
4,16,63
6,90,85
1,16,22
9,19,52
5,20,32
3,6,26
1,55,2
3,27,98
2,70,91
6,9,92
7,47,44
7,40,27
8,88,19
3,43,6
5,61,38
