s_j,p_j,d_j
4,93,96
8,80,2
5,61,36
2,11,57
6,63,94
8,67,9
9,67,30
3,79,74
4,80,29
9,88,44
5,93,81
6,3,20
9,96,88
1,94,94
8,25,44
8,3,90
8,54,54
4,52,22
9,95,97
3,14,95
5,63,24
2,27,59
6,41,44
2,18,83
3,96,87
2,31,77
1,15,17
9,63,96
3,77,24
6,26,13
2,68,71
6,26,88
2,50,68
9,3,32
7,90,69
1,78,98
9,28,2
1,84,89
3,66,81
6,25,44
3,59,80
1,42,49
7,62,38
9,95,9
3,97,34
7,51,27
7,22,62
2,78,15
7,34,50
4,8,5
6,87,52
4,83,68
8,93,18
5,39,30
9,72,88
4,59,63
2,5,22
3,54,75
2,44,22
4,70,79
9,76,39
9,16,48
7,18,78
8,2,18
3,39,50
3,79,65
3,29,93
3,86,83
2,81,45
7,48,75
