s_j,p_j,d_j
5,1,67
1,23,66
6,43,39
1,47,67
1,60,70
7,30,51
3,75,27
2,19,32
8,35,46
2,58,73
3,94,89
6,98,29
2,68,80
1,80,7
7,35,63
6,51,79
4,42,1
5,67,12
9,91,68
9,28,68
1,32,56
2,13,73
9,27,80
7,30,38
4,46,53
2,16,17
3,97,80
4,5,96
9,15,55
1,24,97
8,52,43
6,60,50
9,54,26
1,82,80
1,63,88
1,24,70
1,21,24
5,3,30
5,94,55
4,70,33
1,4,57
9,29,20
9,95,20
2,37,44
4,28,21
4,72,65
7,58,59
7,65,9
2,35,32
4,70,4
5,73,36
7,30,15
4,15,32
3,24,95
7,39,94
6,64,13
7,46,38
7,28,80
2,55,49
8,41,75
4,39,24
1,22,60
2,52,57
4,44,52
4,21,21
1,98,92
8,71,3
9,1,46
3,88,20
9,27,7
7,64,98
4,21,91
5,11,4
1,86,96
8,71,47
3,24,5
5,88,98
7,40,39
3,53,94
1,73,73
7,23,81
7,55,54
2,83,37
3,1,75
7,8,52
4,95,70
7,61,83
6,12,2
9,47,75
8,71,17
