s_j,p_j,d_j
4,23,82
6,14,24
9,94,97
9,6,49
5,92,85
5,53,1
2,20,87
5,9,26
4,22,43
6,49,34
2,24,35
9,55,40
9,9,18
4,4,48
6,49,28
7,48,79
4,19,34
8,98,71
6,35,1
2,1,62
9,49,96
8,52,84
5,55,30
9,51,17
3,24,45
4,35,36
7,16,5
7,91,36
2,23,22
2,45,43
8,95,84
7,27,72
2,17,33
5,78,18
1,48,70
1,83,32
1,98,35
2,28,78
7,67,68
1,28,17
5,77,36
2,11,44
7,32,27
2,11,55
6,46,65
5,77,50
2,27,63
7,16,86
2,65,66
8,93,60
3,88,65
7,40,36
2,98,63
1,2,6
8,65,64
9,28,89
1,65,37
8,96,82
7,55,45
8,82,64
2,78,69
7,28,29
9,82,15
6,84,8
7,34,14
1,85,23
4,22,62
2,81,7
9,23,90
5,65,93
3,4,26
5,5,94
5,6,31
2,17,8
3,78,8
9,98,41
1,78,1
9,92,71
6,46,20
6,8,32
