s_j,p_j,d_j
8,6,41
5,85,58
4,79,54
7,18,93
4,78,3
2,64,89
8,82,24
5,29,84
2,82,40
7,24,61
8,96,17
1,11,95
4,83,98
6,78,19
1,79,90
7,89,96
5,35,55
8,43,12
3,76,47
9,69,88
8,73,55
9,95,70
4,62,63
8,65,20
4,8,75
1,1,83
2,49,49
6,57,37
7,28,67
7,54,62
8,50,77
1,58,1
1,81,91
5,98,42
6,87,5
6,68,98
3,11,91
2,20,60
1,5,67
2,69,16
8,43,41
8,8,76
2,54,55
9,32,88
5,45,18
3,97,24
3,43,47
4,83,31
5,70,27
7,6,54
5,6,79
8,88,87
9,65,77
1,79,48
5,54,31
1,39,85
1,81,48
4,57,28
7,79,5
6,9,56
7,98,53
7,32,73
4,80,72
7,16,65
7,14,88
6,92,65
8,6,75
9,60,35
6,31,46
3,65,45
