s_j,p_j,d_j
5,87,33
6,89,56
2,51,89
7,43,29
5,42,73
7,1,47
2,98,32
2,76,17
9,44,10
4,36,16
7,77,56
8,28,50
4,98,23
5,20,3
5,53,65
8,77,49
9,89,19
4,80,38
5,6,48
3,74,55
8,12,58
5,22,29
3,46,39
6,35,7
1,45,11
2,3,31
6,81,87
4,85,51
2,97,25
5,29,93
3,81,25
1,35,19
5,92,43
4,51,23
2,82,15
1,31,60
4,43,94
5,66,88
6,69,60
3,62,80
5,87,32
9,65,57
4,74,46
8,93,92
9,14,89
8,46,91
2,75,52
8,3,16
1,76,21
2,29,25
3,24,73
4,61,57
5,6,33
1,63,96
9,39,27
4,70,87
5,71,26
7,21,52
9,70,15
8,63,66
3,53,14
6,9,96
7,1,32
6,46,96
9,92,25
9,33,93
4,90,22
5,54,33
7,86,50
6,68,95
7,95,97
1,20,94
8,23,15
4,5,73
3,95,56
9,63,84
5,41,31
6,39,72
9,85,24
7,38,56
