s_j,p_j,d_j
4,4,58
2,28,77
6,7,15
7,6,40
2,41,2
3,13,49
1,58,57
1,30,10
7,93,89
5,52,64
9,79,87
1,61,75
7,78,34
7,24,87
1,74,16
7,78,15
6,63,98
3,16,94
2,64,12
1,24,72
5,20,68
8,25,42
1,14,37
9,39,10
9,21,6
2,28,61
1,56,21
6,29,88
5,24,53
2,32,61
2,13,56
1,33,96
3,96,1
4,82,78
7,25,59
3,67,39
5,53,12
1,53,51
1,73,58
6,97,46
4,94,87
3,49,84
7,81,42
8,85,84
4,89,71
6,7,27
8,10,16
5,12,7
5,11,29
5,78,84
9,27,42
6,63,44
5,9,77
5,35,43
5,62,79
9,54,33
2,56,18
4,88,50
3,24,87
4,9,35
5,7,21
5,74,62
3,98,25
1,80,3
7,94,21
6,54,54
6,78,12
4,32,47
4,70,65
8,96,17
1,90,58
2,7,68
7,46,4
2,9,45
7,24,47
1,89,59
8,97,9
4,98,49
3,87,48
4,48,50
9,37,84
4,60,73
8,93,6
2,22,37
9,19,77
2,60,45
5,97,92
8,53,39
6,25,82
9,55,14
