s_j,p_j,d_j
2,18,31
5,59,16
7,50,10
5,77,82
3,96,42
3,78,69
3,79,56
7,60,38
8,15,10
6,3,32
4,64,26
2,1,41
1,90,53
8,15,34
8,90,7
2,94,58
3,42,64
7,10,37
6,21,64
4,52,41
6,60,70
9,95,47
8,59,47
5,91,3
6,11,67
3,65,12
3,51,24
5,60,19
8,54,20
1,30,77
1,65,83
4,63,3
9,45,6
8,39,5
2,36,48
5,10,46
1,50,90
9,76,32
5,52,94
3,49,52
4,9,45
3,75,32
8,60,24
3,21,92
9,92,11
3,85,66
4,35,12
7,75,43
5,22,86
2,86,57
1,46,14
3,91,58
8,36,45
2,93,87
4,47,57
3,6,23
9,63,51
1,23,74
8,68,81
2,85,48
