s_j,p_j,d_j
9,87,22
5,52,76
3,31,20
2,69,12
2,42,28
5,14,40
5,80,5
7,18,11
9,56,75
1,88,27
4,1,45
2,31,93
5,69,37
3,51,89
6,44,72
9,28,89
7,36,79
2,47,72
7,92,1
8,76,85
3,4,49
2,34,32
7,24,93
1,16,22
9,25,59
5,85,77
8,79,55
4,53,75
5,30,84
8,89,17
4,89,12
4,81,50
9,20,95
2,31,56
6,44,67
4,32,16
7,97,55
9,12,7
2,50,85
4,18,15
7,48,12
7,19,23
1,63,27
9,55,9
5,12,64
6,25,76
5,91,79
5,23,17
4,47,23
4,6,1
2,7,45
8,75,90
3,85,51
2,9,36
6,60,70
5,80,87
8,75,1
1,12,37
7,25,45
2,81,70
4,76,73
6,73,47
3,33,78
8,23,4
6,77,76
4,15,34
6,98,4
8,5,16
5,83,49
5,66,26
