s_j,p_j,d_j
6,70,36
9,26,47
4,57,68
2,93,72
6,6,45
4,18,89
5,27,63
7,25,17
9,16,34
6,35,45
8,17,48
1,92,71
9,97,43
5,6,13
2,66,35
4,48,5
1,60,16
2,8,5
2,49,37
6,20,51
6,3,93
2,21,63
4,28,91
7,74,84
6,85,66
2,90,57
7,82,70
7,93,84
9,8,34
3,71,39
9,61,9
9,20,7
1,81,24
1,63,5
7,45,16
4,84,77
4,2,61
1,22,52
3,79,30
2,33,12
4,3,65
3,32,38
9,80,91
2,3,47
3,2,89
3,90,98
5,67,18
5,69,27
3,8,83
5,42,1
7,10,88
2,71,96
2,82,95
2,15,38
3,12,35
6,59,80
6,52,75
5,57,67
6,20,12
4,68,67
2,57,20
6,47,7
6,26,59
2,60,84
6,16,11
7,8,25
6,89,28
7,66,49
6,48,72
9,1,77
7,83,80
6,65,30
4,65,20
6,68,41
8,35,24
6,7,17
2,59,88
2,7,80
4,65,82
5,17,50
1,69,8
3,34,15
9,17,47
3,82,65
5,79,24
3,62,29
6,95,74
4,39,83
2,2,27
4,98,92
