s_j,p_j,d_j
7,53,31
3,71,21
5,60,35
2,9,95
4,67,72
2,15,54
8,77,52
3,28,95
8,50,30
3,31,32
1,62,45
3,75,74
8,36,35
4,10,25
6,48,29
3,7,16
6,54,55
4,63,16
3,15,75
4,48,17
7,35,41
2,83,95
7,19,13
1,96,8
7,3,82
9,33,12
4,37,94
5,74,96
3,3,97
3,18,15
7,86,52
3,85,21
4,49,89
6,30,14
4,91,82
7,86,96
9,13,44
6,97,47
1,95,42
7,70,70
8,68,88
7,15,25
2,54,3
7,58,85
3,61,96
1,92,82
5,47,13
4,31,41
5,10,85
2,32,46
9,82,55
8,9,30
3,83,17
8,81,92
4,66,11
7,3,63
3,11,67
5,42,96
4,23,57
5,96,50
5,14,33
9,12,26
7,65,94
6,40,86
2,95,95
9,94,16
5,19,97
2,9,48
1,93,87
3,39,13
7,81,97
3,89,94
3,8,45
7,87,70
7,5,1
1,35,65
2,67,97
3,3,16
2,93,23
9,52,31
