s_j,p_j,d_j
1,43,22
9,93,83
2,75,63
7,72,40
5,24,7
2,35,66
8,35,34
3,88,95
2,8,81
6,45,80
1,46,36
7,32,55
8,75,6
1,46,11
2,74,52
7,33,27
9,79,8
7,87,45
2,73,25
6,18,37
7,90,35
2,87,29
8,81,49
1,50,89
7,42,10
8,69,45
6,39,89
4,72,1
9,19,38
8,35,93
9,25,91
8,6,37
8,33,97
5,89,67
8,74,70
6,91,70
1,52,96
7,30,28
2,73,53
7,73,16
3,95,68
7,36,21
3,69,78
4,43,41
4,64,12
7,88,74
8,28,6
2,58,34
7,79,90
5,53,64
9,43,36
3,16,14
8,91,1
1,44,53
1,42,43
9,25,77
5,16,62
8,52,86
9,27,87
1,57,47
5,59,65
8,96,20
7,11,29
7,35,17
3,98,70
7,7,68
9,65,47
3,19,49
5,33,62
9,88,39
