s_j,p_j,d_j
8,46,36
9,91,58
9,67,71
3,9,78
9,12,45
1,50,9
3,40,57
5,48,4
7,26,42
6,29,15
2,18,59
3,22,54
8,37,15
2,91,10
1,57,30
5,72,10
8,12,85
2,88,84
3,49,76
1,92,47
9,48,22
3,31,76
8,88,79
7,8,52
9,46,36
2,78,59
2,49,71
2,87,51
2,69,10
6,93,98
8,26,87
2,97,18
6,45,36
5,86,18
8,24,3
1,17,19
8,28,94
9,33,97
3,64,21
6,49,71
1,95,58
5,59,63
5,67,35
4,43,2
6,52,56
3,8,14
6,39,20
5,33,31
7,89,49
3,44,67
3,28,88
7,71,80
6,11,9
2,7,92
1,50,17
5,47,76
2,39,71
1,53,55
6,28,77
9,42,34
