s_j,p_j,d_j
1,21,45
8,71,82
8,1,62
3,76,57
5,94,31
1,57,6
4,14,48
5,10,70
8,41,16
4,55,31
4,11,42
8,50,89
2,63,29
5,48,33
8,97,80
8,91,95
4,89,94
3,70,57
7,89,21
5,5,80
8,4,96
1,39,78
7,19,40
3,16,75
8,12,72
2,51,95
9,11,28
9,81,22
2,47,18
4,43,69
1,47,50
5,85,74
7,50,18
4,33,62
3,5,96
9,10,31
7,41,27
2,51,96
4,56,84
3,1,11
5,53,61
7,53,19
2,75,2
1,42,53
5,72,14
4,63,74
5,50,74
7,41,44
1,35,1
1,96,29
6,70,73
5,10,29
8,39,62
5,9,13
6,63,43
3,82,37
6,88,94
6,48,16
4,92,37
5,30,52
5,98,32
6,74,3
1,38,72
5,82,85
5,63,3
1,52,61
5,63,89
6,98,53
3,33,8
3,49,65
5,73,77
9,49,70
4,64,13
1,12,31
8,40,4
7,15,60
8,93,21
7,28,68
7,22,31
8,3,5
