s_j,p_j,d_j
6,8,56
1,66,73
2,52,7
3,36,6
9,20,42
2,29,37
5,95,59
4,45,5
9,14,60
4,74,88
6,27,83
8,56,53
7,39,75
6,73,50
2,88,53
5,77,11
4,15,26
6,19,80
1,56,28
8,89,46
1,58,5
4,68,40
6,6,55
6,6,46
2,74,84
9,27,24
3,56,74
5,71,78
1,31,65
9,39,14
7,55,67
3,23,19
7,81,97
5,74,11
5,28,92
7,34,23
6,45,76
6,35,6
9,17,62
6,23,42
1,53,65
2,12,96
7,18,16
7,41,51
4,38,69
4,77,64
5,90,48
9,19,6
9,59,85
6,65,8
1,21,89
6,33,52
4,59,80
6,39,4
4,73,4
2,20,35
7,9,36
2,35,90
1,56,90
6,18,52
3,27,77
3,74,2
5,55,24
6,23,20
2,97,23
8,1,80
5,78,2
3,29,55
1,20,51
6,64,84
7,1,33
9,35,75
9,14,92
7,32,93
8,1,65
9,14,27
5,69,50
7,20,9
8,57,92
2,1,92
