s_j,p_j,d_j
2,67,22
5,78,90
9,53,46
1,44,86
4,12,72
8,93,22
1,66,93
8,22,15
6,44,26
2,19,22
9,16,92
6,26,35
4,6,8
9,43,85
6,22,13
5,55,65
1,33,86
8,83,45
4,33,85
1,58,16
3,60,60
3,51,37
4,95,76
6,37,45
6,27,91
3,98,37
9,91,78
4,79,41
4,66,93
8,15,67
9,25,60
7,8,83
4,93,72
7,73,6
9,67,81
2,22,15
9,17,56
6,90,18
4,50,20
1,58,81
2,68,36
9,96,40
1,77,60
7,18,17
4,21,79
1,71,54
7,81,1
7,65,8
9,24,37
2,35,66
2,83,83
5,66,83
4,97,55
6,38,79
2,49,69
6,38,22
4,98,13
6,32,38
3,63,11
5,16,69
4,32,43
5,12,4
6,88,93
8,44,4
3,10,89
4,96,16
5,37,1
9,17,30
8,53,86
4,85,50
3,39,65
5,56,31
1,52,79
3,76,96
4,77,31
2,12,33
2,61,79
6,31,44
2,12,30
3,16,86
