s_j,p_j,d_j
2,25,85
3,90,72
3,88,48
3,87,71
4,89,71
1,40,10
9,56,35
2,90,93
9,65,18
4,23,36
7,88,81
9,54,84
9,31,98
1,4,78
5,69,67
8,27,98
7,33,68
2,55,46
4,31,72
7,38,1
1,46,59
7,6,55
9,54,16
5,73,64
6,35,52
4,18,46
2,18,27
8,85,95
5,76,83
4,30,49
7,34,33
6,11,27
8,26,61
2,31,76
2,22,34
8,46,52
5,12,70
1,93,9
7,8,71
1,2,5
8,25,96
4,89,29
7,68,12
2,48,29
1,73,61
3,72,60
7,72,29
4,79,7
2,68,88
2,27,54
5,92,23
3,41,91
9,84,19
4,91,42
7,45,20
9,6,36
2,70,8
2,86,68
1,68,10
9,80,37
3,46,54
3,40,50
1,7,68
4,78,98
7,91,41
7,53,17
6,60,92
5,48,50
7,8,39
7,25,37
3,11,75
8,43,92
8,42,85
7,18,94
9,18,80
6,59,6
2,5,5
9,87,97
2,77,22
8,61,43
9,7,36
5,91,25
6,98,11
2,60,57
3,96,62
9,79,14
2,41,85
1,56,39
1,9,65
9,5,15
