s_j,p_j,d_j
8,67,96
1,79,50
8,96,32
7,76,42
7,6,37
1,88,50
1,82,49
2,48,31
9,19,86
6,42,16
8,78,17
5,16,4
4,61,95
6,69,4
6,53,82
4,9,94
6,67,50
3,35,37
8,10,12
7,94,85
5,73,47
1,69,17
4,56,88
3,26,64
8,9,42
2,58,38
8,44,88
2,50,15
3,57,12
8,11,36
4,27,72
3,81,75
7,44,7
1,94,34
5,76,6
8,20,10
9,10,14
8,72,3
3,89,5
7,3,61
8,23,52
2,63,44
6,75,59
4,44,41
5,28,27
3,10,29
7,96,85
8,91,89
8,43,83
8,40,46
4,64,45
6,51,46
2,79,38
5,41,22
4,3,53
2,21,64
3,87,84
4,95,19
4,44,24
5,61,93
4,34,16
7,31,38
3,94,30
1,55,89
2,92,86
7,25,8
4,89,60
7,50,80
3,90,21
6,63,63
4,52,57
7,85,76
7,34,60
5,12,19
8,52,40
8,84,1
7,51,57
1,60,25
4,34,29
2,29,17
