s_j,p_j,d_j
7,43,33
4,26,44
1,44,8
7,86,4
7,76,68
7,93,20
8,4,36
7,85,45
8,87,70
7,20,31
8,98,90
9,87,62
8,86,52
1,36,73
9,46,69
4,87,65
4,9,38
2,10,17
2,94,54
4,26,36
9,26,11
9,1,24
1,2,93
2,5,85
5,96,75
4,36,82
6,58,96
9,49,46
7,1,78
1,64,30
4,80,78
9,81,47
6,27,85
9,34,38
2,68,42
4,2,62
9,60,86
7,22,14
1,73,17
6,78,95
9,12,42
5,3,71
2,35,85
1,38,17
5,15,64
9,53,10
6,67,13
4,3,55
9,19,19
2,97,85
1,95,75
7,61,48
6,56,56
5,53,88
9,4,30
1,55,44
2,54,84
2,59,69
8,59,47
2,87,16
6,92,48
6,25,23
1,19,98
4,8,93
7,61,6
5,29,20
6,66,40
2,48,81
8,91,67
6,48,68
