s_j,p_j,d_j
6,22,97
8,2,46
4,26,78
5,68,11
2,9,46
4,73,23
8,15,20
5,41,23
8,68,43
9,33,85
8,7,92
8,59,53
7,56,35
9,41,9
3,98,46
8,67,94
5,60,53
8,6,56
6,37,69
1,19,76
4,13,64
9,2,27
5,44,29
4,1,2
5,71,61
4,50,49
5,37,38
9,87,3
3,90,43
1,56,69
6,36,98
9,71,57
8,72,7
5,34,24
9,82,29
7,67,76
6,31,6
4,69,58
7,79,42
3,61,31
6,67,83
8,30,73
5,16,89
4,74,61
1,37,71
1,18,13
5,83,53
6,20,15
6,92,59
6,58,3
2,65,90
2,89,27
2,67,7
5,19,71
5,42,48
2,12,76
4,42,23
1,23,92
9,18,73
5,62,32
4,21,35
7,58,22
2,97,86
2,67,15
2,40,3
1,2,5
7,16,32
6,56,28
3,69,33
8,28,81
9,93,41
1,61,42
4,24,53
5,28,65
5,92,44
6,11,66
1,49,96
9,26,12
5,83,59
1,48,69
2,57,27
5,52,46
2,38,19
3,83,18
5,33,29
5,43,97
7,60,51
3,96,93
4,58,83
2,50,62
