s_j,p_j,d_j
8,32,82
9,92,73
5,67,19
7,56,10
3,77,80
1,93,17
9,14,43
3,79,91
3,54,80
8,53,24
2,18,10
2,50,6
9,81,57
5,16,4
7,41,68
6,33,94
1,16,7
9,5,8
2,66,16
6,18,38
4,58,60
1,14,57
9,10,4
8,50,97
8,16,36
5,48,28
6,89,95
6,44,42
9,12,27
8,10,22
1,79,11
8,60,24
6,13,98
8,80,50
2,98,54
7,63,60
2,72,90
5,34,7
3,20,85
4,61,57
9,7,81
7,83,43
1,25,94
2,4,51
8,67,93
6,68,19
8,71,61
6,11,8
6,30,86
7,19,48
8,10,42
4,62,71
7,63,98
8,46,35
4,7,79
6,83,15
2,30,30
3,21,98
1,32,38
8,64,37
2,72,7
3,33,77
9,18,45
9,62,17
1,15,18
7,39,45
2,84,43
2,45,97
2,21,39
8,66,86
