s_j,p_j,d_j
1,55,38
7,40,16
6,32,54
6,50,37
4,20,16
3,7,40
3,73,73
3,26,60
2,57,17
5,94,70
2,54,87
4,4,47
8,47,92
8,82,32
6,25,40
6,81,44
6,58,10
2,31,49
3,16,60
6,46,41
8,38,95
1,56,47
5,24,98
7,63,96
5,9,7
5,34,64
5,6,48
5,64,69
3,81,78
8,33,15
5,6,74
6,9,2
8,58,79
7,93,51
1,45,75
3,13,12
1,57,23
6,12,48
3,27,67
9,49,40
4,3,31
5,23,81
8,53,85
7,88,88
1,1,52
8,19,36
3,63,25
7,85,33
4,56,15
6,54,49
1,12,69
3,38,22
1,20,98
6,39,1
8,12,50
5,20,75
7,20,90
8,21,64
2,7,25
8,15,9
