s_j,p_j,d_j
9,21,59
3,30,79
9,69,33
9,63,24
7,46,66
6,74,62
1,97,50
3,95,63
1,45,83
7,10,1
4,91,30
9,34,4
3,27,38
3,72,16
8,83,30
5,70,42
1,6,33
7,93,84
9,60,93
4,59,75
8,9,13
2,15,85
1,6,46
5,84,3
5,9,66
4,36,81
6,40,18
3,63,63
7,4,49
4,79,53
2,33,4
8,53,34
2,80,31
7,97,28
2,36,97
1,49,91
2,41,86
2,90,29
6,97,1
8,40,63
2,38,34
8,6,27
2,36,87
9,18,72
7,23,67
5,50,37
9,77,49
5,76,14
7,24,91
9,2,84
6,43,54
5,91,6
3,32,67
7,5,98
9,72,74
6,24,65
9,5,55
7,24,39
8,33,68
7,64,53
2,77,70
9,7,80
1,47,17
7,48,10
9,9,79
9,19,91
2,45,60
4,36,38
6,60,8
5,98,85
3,2,92
1,39,44
1,33,73
8,77,41
7,46,32
6,64,75
8,67,37
3,34,57
6,88,35
4,97,21
