s_j,p_j,d_j
2,95,82
8,56,67
9,64,36
6,11,90
6,17,30
3,88,34
3,14,31
7,90,93
4,22,16
9,96,78
4,81,80
9,67,5
7,30,65
2,25,50
8,33,50
1,20,27
8,82,78
4,43,90
8,35,71
2,43,49
1,76,90
6,4,68
4,12,63
8,74,31
1,54,27
5,27,7
3,4,7
1,57,7
4,23,36
1,48,29
2,81,54
5,56,3
5,8,63
8,38,7
1,90,29
2,59,58
1,35,3
1,86,26
1,98,78
2,69,77
1,96,15
6,12,3
5,87,27
3,16,3
8,79,27
2,90,48
8,56,91
6,33,34
8,72,97
9,39,26
6,52,87
7,25,19
8,36,28
3,69,9
4,95,38
7,87,97
7,72,85
5,60,4
1,49,53
8,76,51
6,48,54
4,7,41
8,20,78
1,86,39
6,62,1
9,44,10
3,88,53
4,78,11
7,84,64
2,20,75
