s_j,p_j,d_j
8,76,76
5,66,51
1,85,83
1,81,49
2,4,91
3,19,22
5,55,77
4,47,71
1,52,40
7,96,84
1,91,62
9,20,32
6,81,58
8,56,76
3,57,54
1,90,40
7,78,66
8,82,41
3,14,35
1,9,40
4,62,96
5,33,28
1,47,67
4,76,22
5,94,89
4,59,27
6,45,37
5,9,35
3,68,94
8,44,11
9,40,77
5,55,5
3,43,33
7,30,6
7,76,72
2,24,18
3,86,75
5,9,30
6,23,36
2,58,18
7,18,37
5,49,72
2,28,82
5,11,14
7,33,91
6,46,42
9,70,46
6,73,66
5,62,38
5,68,21
1,29,6
8,54,26
3,57,10
7,58,70
9,45,44
9,80,79
1,44,57
5,92,81
2,19,87
6,69,56
