s_j,p_j,d_j
6,41,58
1,3,59
2,93,86
2,17,82
6,85,13
1,28,74
6,81,85
7,6,55
9,51,80
7,83,28
7,83,66
7,12,68
2,44,50
3,77,55
2,57,53
6,27,73
1,74,35
2,93,65
8,47,60
3,35,34
4,63,56
4,74,29
5,41,4
2,79,58
2,14,76
2,42,84
7,79,49
6,3,93
5,73,93
8,28,74
2,56,27
1,30,55
9,4,44
8,85,70
1,17,17
4,25,5
5,19,11
5,50,87
9,24,50
8,72,85
5,25,17
9,57,51
3,33,11
8,22,92
1,38,51
5,81,62
3,50,95
5,7,19
7,84,30
4,81,82
3,73,58
5,50,70
7,7,53
8,97,26
5,40,36
4,85,59
5,20,10
2,87,97
4,35,26
9,20,64
4,94,98
4,9,19
6,50,94
1,94,22
3,94,37
5,44,11
4,18,18
2,64,20
1,1,10
3,84,48
