s_j,p_j,d_j
6,71,45
8,64,13
9,73,15
7,4,98
7,87,91
7,1,88
5,88,22
2,46,4
7,51,92
4,66,85
5,51,55
7,65,23
8,53,48
2,53,73
8,85,74
9,98,1
2,42,73
5,49,41
3,90,89
5,49,57
5,25,62
3,13,83
5,4,79
6,70,90
4,56,86
5,87,38
6,91,11
6,64,58
2,31,88
3,20,5
9,49,88
2,60,65
7,24,80
4,72,7
1,26,74
2,10,32
2,8,88
2,62,47
9,49,46
5,14,70
2,51,13
2,40,28
1,56,44
3,44,83
8,14,57
6,26,81
5,83,36
6,90,41
9,72,82
4,6,12
2,98,77
5,72,48
9,60,71
9,94,39
9,68,6
8,69,58
4,79,57
5,66,42
2,49,24
9,48,92
3,81,75
9,88,84
9,14,70
2,33,52
6,54,34
4,94,45
6,7,63
4,22,66
9,13,53
9,76,47
