s_j,p_j,d_j
3,95,83
3,24,81
4,58,7
1,26,44
6,84,65
8,32,62
4,62,5
7,17,38
6,38,20
4,13,64
3,33,19
3,3,8
6,89,55
3,72,46
2,27,56
1,75,13
7,22,82
9,90,89
6,3,65
6,3,12
4,64,74
7,64,78
5,52,47
8,60,83
2,95,2
5,12,17
1,8,31
3,80,8
9,29,71
8,67,27
8,49,91
6,16,27
1,21,3
3,96,47
7,56,80
6,26,85
4,91,47
1,38,30
7,86,77
4,39,43
8,50,17
3,97,86
7,69,84
6,61,5
5,63,83
8,53,22
4,69,7
8,66,18
5,63,7
8,93,77
5,9,95
7,6,8
3,96,8
3,49,45
5,88,20
7,57,40
5,42,36
5,79,61
3,26,28
2,5,36
