s_j,p_j,d_j
2,4,94
1,26,13
9,97,23
8,54,38
3,20,43
4,65,85
8,23,22
2,66,4
7,63,73
8,87,46
1,54,96
3,80,46
8,70,46
4,11,5
9,68,16
5,24,47
3,59,44
6,64,61
7,63,12
3,15,49
5,36,19
5,65,20
3,22,44
2,30,62
9,45,68
4,81,15
6,94,10
8,21,3
7,16,91
7,11,10
7,54,18
7,61,53
2,42,27
1,35,94
4,43,46
4,88,21
5,3,3
5,2,57
9,39,37
3,39,11
8,59,94
9,66,51
9,30,39
9,36,79
4,61,36
9,81,45
1,24,41
6,13,3
5,42,31
7,88,49
2,98,27
6,77,37
9,31,15
3,81,58
8,28,98
7,12,97
3,8,6
2,4,3
4,39,19
4,35,50
5,56,19
4,25,86
6,81,38
7,88,83
7,38,31
2,58,2
8,77,30
9,35,64
6,93,97
7,83,65
6,92,62
1,32,73
7,57,91
9,20,23
1,65,44
5,43,38
5,35,46
8,37,49
3,10,25
8,58,40
