s_j,p_j,d_j
6,79,73
9,96,79
9,85,51
4,29,47
7,24,40
5,32,42
5,95,57
6,9,62
6,49,52
2,33,62
3,17,27
5,70,52
9,20,15
8,97,11
3,9,26
2,85,35
8,25,69
7,61,18
8,38,60
6,33,95
2,10,65
2,23,39
7,78,56
3,57,10
3,16,10
3,27,9
7,56,16
6,47,55
3,25,41
5,88,12
6,71,61
2,40,8
4,51,44
6,72,26
7,76,42
6,75,61
2,73,11
5,83,60
9,74,46
1,10,33
1,57,68
3,86,89
4,90,50
5,43,5
3,12,93
5,73,86
2,18,26
7,68,6
2,62,60
9,28,89
3,31,94
2,65,29
3,47,41
7,22,64
5,46,61
8,62,18
4,32,63
3,64,90
4,4,28
4,55,67
4,21,6
6,71,75
1,37,60
9,56,52
2,36,30
8,47,28
6,42,35
2,72,21
5,72,4
4,85,91
