s_j,p_j,d_j
3,26,71
9,45,69
3,64,68
8,51,94
9,86,78
1,87,76
5,65,55
2,30,59
5,37,62
1,47,69
9,47,43
1,42,40
9,84,70
9,39,83
6,14,1
7,25,60
3,26,27
3,15,78
1,38,41
1,67,4
1,56,55
4,66,61
4,98,62
3,94,19
8,81,34
1,93,72
5,40,75
9,15,57
6,22,7
1,24,55
1,86,98
3,95,67
9,45,98
2,37,84
5,48,91
2,80,40
2,4,1
5,36,6
5,23,85
8,5,59
8,44,3
7,91,52
2,55,89
4,80,2
4,28,64
7,25,34
5,54,27
2,27,34
6,96,76
8,88,88
3,58,12
3,29,48
9,2,72
8,75,77
3,23,31
4,41,57
4,32,4
6,10,95
1,75,49
8,3,95
3,70,9
3,68,10
1,54,84
4,36,34
8,90,25
7,80,4
8,14,70
9,84,13
5,30,44
8,91,30
2,42,71
6,45,92
4,89,69
6,3,25
7,32,7
7,80,98
4,41,72
6,89,8
6,23,76
7,66,31
7,9,89
3,42,42
2,92,25
8,38,61
3,61,83
8,30,90
8,45,27
8,85,41
1,44,43
4,18,26
