s_j,p_j,d_j
9,32,98
6,1,70
6,63,14
7,44,12
7,27,4
4,47,31
1,29,80
9,46,34
9,72,44
1,7,86
6,57,34
5,17,98
7,80,63
2,20,57
9,38,13
2,25,10
3,34,47
4,64,85
9,86,93
8,10,21
4,95,1
4,24,66
9,87,40
6,95,15
3,6,47
6,94,28
2,53,7
9,14,62
8,18,39
8,44,30
5,70,76
6,22,4
6,71,35
7,13,90
2,23,58
3,35,95
8,42,25
4,16,70
9,77,49
8,68,50
8,74,74
5,62,69
3,24,58
1,71,63
9,52,28
5,3,97
2,18,57
8,24,24
4,12,69
2,48,54
2,65,75
9,16,74
7,70,29
5,5,23
1,2,5
4,28,21
3,38,92
5,62,82
9,33,16
3,42,79
6,10,42
9,47,90
3,3,75
9,39,25
3,1,44
1,32,58
7,6,82
9,79,98
8,32,9
7,89,43
9,61,96
9,48,6
1,18,62
2,62,31
1,56,7
4,80,85
8,86,44
3,48,95
9,51,50
9,75,11
