s_j,p_j,d_j
8,30,34
2,58,91
7,92,2
3,30,78
3,32,7
5,88,78
3,18,79
6,2,1
7,23,55
4,79,91
4,70,38
9,32,19
3,19,48
6,84,95
8,20,24
8,74,41
4,73,9
8,47,66
2,97,37
2,87,93
9,54,47
1,85,83
6,54,62
4,63,77
2,84,52
6,60,72
8,24,55
3,83,39
6,71,82
4,23,32
5,77,50
9,8,64
7,95,83
8,16,82
7,78,82
7,4,65
9,89,53
5,31,75
5,51,78
4,59,57
8,16,13
6,78,28
6,87,31
4,47,65
8,37,53
8,2,87
2,27,67
8,66,12
5,27,72
9,51,63
1,20,4
6,36,2
1,45,66
5,52,67
5,4,23
4,44,37
6,65,36
6,88,38
4,77,55
2,36,61
6,50,2
6,25,7
3,69,68
1,23,26
9,97,85
2,15,33
2,27,66
5,17,98
2,85,26
3,14,38
5,37,86
4,86,93
9,15,67
4,33,91
3,54,41
7,30,51
9,88,23
8,12,90
7,60,69
2,60,27
