s_j,p_j,d_j
7,92,67
7,10,8
8,49,96
8,54,79
4,17,21
1,69,39
6,65,55
9,82,5
2,32,26
3,59,97
2,37,9
1,70,31
1,96,23
3,16,22
4,12,97
5,97,71
5,51,68
1,15,37
2,26,22
6,39,20
1,45,86
7,57,25
3,30,58
6,15,43
4,29,82
7,92,29
6,50,25
6,76,69
3,53,71
2,60,39
4,75,5
6,43,16
7,88,22
9,23,6
8,56,12
5,55,16
4,40,82
3,59,45
8,46,29
2,51,52
9,36,24
2,43,86
2,95,45
6,35,49
2,89,24
8,79,89
6,29,28
1,21,15
4,1,7
1,12,30
4,68,77
1,37,3
2,28,89
5,92,43
4,71,59
5,54,66
8,5,48
8,56,89
2,91,35
1,52,50
9,68,66
6,24,76
2,89,48
1,70,21
4,45,69
9,33,89
1,6,30
5,28,46
3,92,30
5,30,88
3,31,40
9,37,82
6,39,56
8,4,61
7,47,77
3,47,60
9,43,96
7,42,33
2,52,83
8,72,26
