s_j,p_j,d_j
1,7,95
8,36,38
9,82,47
3,91,91
6,39,20
9,65,82
7,15,90
2,33,46
3,66,48
9,6,43
2,57,65
1,12,92
1,52,47
1,52,33
3,55,12
5,58,42
3,93,72
4,32,8
3,45,30
9,37,91
7,84,59
9,2,14
1,36,46
5,79,82
7,53,40
9,69,98
1,52,78
4,91,27
7,97,37
8,73,55
5,77,57
6,92,10
7,35,91
8,37,59
7,50,38
8,86,7
6,66,14
4,56,37
7,51,94
6,4,12
7,3,88
8,78,93
8,59,58
2,4,50
2,54,44
7,66,3
1,15,2
7,59,33
9,30,49
4,87,66
3,27,50
8,26,16
6,10,64
3,12,58
8,72,70
6,63,98
2,54,88
8,50,73
9,86,81
7,30,29
