s_j,p_j,d_j
6,7,41
2,19,41
6,18,11
7,33,58
4,18,33
9,93,37
1,49,31
6,73,8
2,47,79
4,2,43
2,38,23
2,17,9
9,14,77
2,69,7
6,84,9
6,36,6
6,25,83
5,34,52
4,82,59
7,14,58
7,12,77
8,13,20
8,62,52
5,75,31
4,51,40
6,65,11
2,36,59
5,83,30
7,5,16
1,41,29
2,39,8
8,12,20
7,86,75
1,97,98
4,88,86
1,76,66
9,40,95
4,76,94
7,78,12
7,50,44
5,41,16
3,50,34
8,31,74
5,23,79
3,87,15
1,78,79
8,8,70
6,67,86
6,76,55
4,87,83
8,71,44
2,7,6
8,21,88
9,37,34
4,92,94
1,95,62
2,76,71
5,78,10
1,26,9
6,38,58
