s_j,p_j,d_j
3,16,3
4,3,3
9,22,87
5,88,20
3,1,28
2,35,13
4,87,23
2,60,87
6,70,68
1,96,84
2,35,81
4,2,34
1,73,95
5,11,83
1,59,82
7,44,52
5,88,86
5,74,98
8,54,83
8,41,9
1,51,22
1,14,91
1,88,6
6,58,3
4,45,20
7,14,53
4,94,60
8,69,68
5,28,2
5,78,83
3,51,90
2,27,67
6,24,76
1,52,84
3,63,34
5,43,36
9,70,97
6,65,35
3,40,89
4,59,78
3,86,84
2,72,57
3,20,90
5,64,43
6,41,27
7,84,98
4,34,32
2,58,35
5,16,63
7,50,78
4,60,64
3,50,75
4,24,69
7,71,26
7,69,91
4,80,70
7,83,66
7,68,30
2,34,1
7,31,45
6,15,30
3,88,3
8,75,44
6,15,61
5,50,65
6,35,37
1,31,35
5,28,79
1,43,19
8,6,52
6,6,9
8,2,50
9,53,71
2,78,61
3,12,51
9,52,50
8,53,48
2,14,83
8,80,1
5,82,49
