s_j,p_j,d_j
7,78,67
2,51,27
3,21,82
6,71,17
7,52,82
7,29,43
8,47,84
1,88,92
8,75,23
5,2,27
2,50,46
6,83,5
1,25,85
1,43,76
4,96,67
1,64,2
3,54,92
3,83,92
8,10,7
8,8,50
5,14,37
6,19,46
4,41,79
1,71,85
7,95,6
1,70,39
2,76,13
9,46,33
3,89,73
6,55,31
9,19,52
6,27,20
3,5,88
6,37,41
7,49,28
8,65,90
8,61,11
9,55,45
7,93,23
2,30,1
7,65,41
1,17,98
5,82,12
6,51,60
1,72,30
2,31,53
3,70,52
4,84,82
8,58,28
6,92,47
7,13,98
4,77,17
7,80,75
4,51,73
7,16,98
7,59,31
8,26,65
2,35,96
3,44,25
9,2,35
7,76,27
3,23,64
9,45,76
8,45,42
1,97,31
5,90,49
8,45,96
1,82,39
9,3,70
2,67,54
9,43,3
5,64,58
4,19,18
1,59,64
2,52,37
4,60,31
4,34,38
3,92,63
9,12,34
5,33,17
2,75,53
4,50,17
8,23,63
4,70,95
7,77,63
5,5,10
9,69,10
3,85,82
5,7,72
1,26,33
