s_j,p_j,d_j
1,30,34
4,46,87
4,13,9
4,6,19
4,25,33
4,81,2
8,54,68
7,22,76
7,77,52
8,96,61
8,93,7
4,67,69
7,58,33
9,91,20
5,22,85
1,62,48
7,92,84
5,34,43
8,35,33
1,56,71
5,48,87
6,86,26
2,25,47
3,81,95
4,63,98
2,31,70
5,16,70
5,88,27
6,2,58
2,12,24
2,13,32
7,23,17
5,76,71
4,48,32
9,92,58
4,63,46
2,34,73
8,83,37
1,27,22
1,8,79
5,61,52
3,21,58
9,92,56
7,73,59
1,79,50
5,45,68
7,35,26
7,13,94
2,47,85
2,91,22
6,39,93
4,41,86
6,49,51
5,26,22
2,18,38
6,88,69
8,31,22
2,51,71
4,59,13
4,51,28
4,68,29
8,92,78
5,26,25
5,44,45
1,50,56
6,96,22
7,54,73
3,22,55
8,59,58
1,41,37
