s_j,p_j,d_j
4,77,61
9,71,40
6,21,17
3,63,13
1,5,52
9,89,75
1,31,6
3,73,70
1,94,88
8,66,95
8,59,13
2,84,78
1,76,60
5,8,51
6,62,66
8,80,94
8,24,77
5,86,50
2,72,93
7,57,41
1,31,97
6,6,38
4,40,94
6,82,5
6,7,29
8,72,45
3,43,42
8,18,38
8,40,70
6,10,44
9,22,27
1,58,61
6,4,7
2,2,47
9,64,56
4,94,98
2,59,61
5,85,35
3,44,60
8,49,5
3,77,36
1,51,44
7,19,77
9,98,3
2,54,32
4,63,72
5,69,54
8,94,61
3,85,83
7,76,73
5,69,27
6,81,55
1,82,14
3,89,18
9,62,22
7,80,92
4,91,6
7,65,94
7,48,69
6,36,61
4,93,77
1,51,1
4,81,27
1,76,21
3,4,11
9,44,1
8,54,39
1,19,44
9,26,30
2,65,40
5,73,76
1,6,23
4,76,24
1,93,89
2,62,85
8,89,20
3,62,15
8,42,85
9,49,33
5,18,78
