s_j,p_j,d_j
6,34,12
6,82,30
2,10,34
3,81,43
8,15,96
7,18,42
4,17,33
3,86,79
2,96,62
4,85,22
6,55,72
3,13,34
9,89,3
3,82,93
1,37,49
6,20,12
5,62,30
4,27,65
3,27,56
3,78,34
1,5,18
1,27,97
6,17,36
3,10,29
9,15,12
7,32,75
9,48,39
5,33,63
7,38,45
2,9,56
2,7,33
7,36,4
8,9,4
8,16,29
5,77,16
6,74,87
7,80,46
1,21,89
1,54,40
5,22,44
9,48,34
4,34,80
2,62,11
1,34,13
8,29,68
8,85,22
1,81,26
3,41,44
7,37,1
8,65,36
4,42,60
9,95,18
7,48,44
9,35,5
3,59,33
9,97,80
2,7,34
6,51,59
2,27,58
3,80,15
