s_j,p_j,d_j
8,38,13
8,76,85
8,53,69
3,86,25
9,68,12
8,44,50
4,80,14
2,74,97
3,31,73
2,75,35
9,24,95
8,65,86
1,49,17
3,1,31
8,34,39
4,50,11
5,57,37
3,48,78
5,35,63
7,33,72
8,76,39
2,12,23
1,36,90
9,9,32
5,53,36
7,52,52
1,59,59
5,29,50
7,75,54
6,47,59
5,46,69
3,69,73
1,57,45
6,81,88
2,60,19
6,13,31
7,71,37
9,95,39
5,21,29
8,71,41
4,14,39
7,62,68
7,75,32
5,94,10
8,16,64
9,65,83
5,13,13
5,66,20
6,29,29
6,58,33
9,9,48
7,68,76
1,27,92
4,66,7
5,47,87
5,42,32
4,56,51
8,6,35
3,46,66
5,45,53
1,49,90
6,83,57
1,65,30
9,3,54
2,26,78
4,67,39
3,30,37
5,69,14
4,30,4
9,3,14
5,97,47
5,76,12
3,39,83
6,90,88
8,79,75
8,81,87
1,64,66
5,76,74
2,33,7
1,53,83
3,21,38
9,42,34
7,22,66
9,40,83
9,15,77
1,11,22
1,93,18
2,70,98
1,12,92
7,35,9
