s_j,p_j,d_j
5,40,95
8,33,5
4,76,21
8,66,9
3,86,19
7,33,50
1,15,37
3,16,93
8,57,31
8,59,9
1,35,43
5,95,66
8,12,15
3,19,3
7,33,53
9,75,30
2,42,37
5,2,54
1,63,20
2,75,88
2,3,91
1,20,54
6,23,60
7,45,9
6,59,97
6,43,35
7,54,5
7,48,75
4,16,64
9,28,60
6,86,22
5,45,85
3,8,31
5,63,50
1,4,61
5,66,19
8,39,35
3,43,37
7,34,48
8,13,9
4,3,77
6,50,14
4,7,75
3,39,40
8,24,55
1,88,56
4,16,91
7,59,91
1,29,89
5,72,86
8,7,41
1,2,81
4,78,4
4,64,32
7,77,90
5,61,19
3,41,52
1,97,89
1,42,66
9,72,28
2,23,80
1,67,37
5,86,74
9,81,89
6,11,71
8,15,16
3,12,25
7,61,95
2,45,81
7,85,82
4,11,88
9,3,73
2,87,98
8,24,25
3,4,11
8,71,33
4,37,78
7,28,9
6,94,73
7,96,15
