s_j,p_j,d_j
3,33,13
7,26,8
3,33,69
7,75,84
6,82,31
6,25,72
8,79,29
5,95,81
5,17,92
5,17,25
8,90,16
6,67,3
1,43,92
8,89,9
2,53,71
9,25,86
5,50,26
6,88,23
8,52,57
5,51,21
9,40,47
5,51,4
9,5,76
2,28,20
5,64,48
3,56,85
2,15,5
1,47,13
8,13,35
4,10,35
8,86,18
7,31,65
3,69,31
3,19,74
2,59,88
1,36,13
9,16,31
6,31,9
8,35,33
2,81,24
6,49,45
5,87,21
8,72,78
2,26,30
2,55,55
4,54,68
4,22,60
8,13,75
6,86,73
8,83,35
8,30,11
8,4,76
4,97,74
5,2,53
2,98,88
2,34,29
7,11,77
4,20,37
6,79,8
8,65,37
1,25,36
1,97,80
7,18,49
2,14,21
3,65,55
4,38,55
2,52,84
6,81,14
6,20,17
2,6,58
6,22,1
1,58,26
6,69,81
5,97,25
5,26,60
2,24,93
8,84,75
8,23,13
2,19,29
1,59,58
9,3,47
5,28,97
7,62,37
7,42,46
6,46,86
8,46,78
1,52,17
8,22,32
3,25,22
2,42,88
