s_j,p_j,d_j
6,75,74
4,21,46
9,54,3
2,39,69
6,29,84
4,75,76
2,25,20
3,26,76
1,44,40
7,43,76
1,30,33
8,17,32
4,83,98
4,15,6
9,38,25
5,10,75
7,21,4
5,67,84
3,93,2
8,69,36
9,44,20
2,27,3
2,63,47
5,54,3
4,60,73
3,13,66
1,17,32
1,54,34
9,15,41
4,22,13
9,25,96
4,95,29
7,33,23
6,63,23
5,95,73
4,54,55
5,34,95
1,82,69
2,3,90
1,8,72
7,92,66
6,62,78
4,94,42
2,85,69
6,75,52
4,24,32
3,40,26
8,53,42
1,48,19
7,96,72
7,55,17
1,62,70
5,50,95
5,33,10
8,7,67
9,29,44
7,73,25
9,20,42
3,24,48
9,69,81
3,80,7
8,40,29
9,38,25
9,15,91
6,60,57
6,90,22
8,89,43
8,86,33
2,27,58
6,45,27
8,78,37
9,44,65
1,83,12
5,86,12
7,16,75
7,98,49
6,31,86
3,28,66
5,60,88
5,55,98
