s_j,p_j,d_j
8,17,62
4,49,6
8,87,8
7,67,38
5,10,36
2,58,86
8,60,96
5,75,96
2,12,74
3,74,61
7,11,36
3,20,88
5,15,24
3,46,50
8,88,25
9,41,44
5,79,78
7,1,49
6,27,97
7,50,98
7,83,72
7,53,47
8,91,66
4,11,75
7,49,48
3,50,48
6,62,91
7,25,25
1,92,7
9,29,87
7,36,44
2,80,10
8,84,68
9,45,33
7,77,97
4,95,34
9,92,76
9,53,5
5,7,43
6,30,81
1,3,67
9,29,55
3,40,62
9,78,50
6,24,48
8,52,77
3,81,36
9,47,33
2,39,3
7,30,11
7,38,80
8,14,42
4,23,3
8,8,6
4,35,31
9,1,79
7,50,51
8,82,64
6,50,61
6,27,28
3,15,53
5,58,76
4,17,13
7,70,67
5,57,75
5,71,75
1,3,5
9,76,42
7,30,79
9,96,53
6,5,69
9,23,61
1,37,82
4,66,97
5,43,35
2,55,43
5,36,91
1,81,33
6,80,40
7,70,63
