s_j,p_j,d_j
7,84,42
5,53,28
2,24,15
1,43,33
3,97,27
5,16,50
7,51,4
4,59,57
3,77,13
4,85,76
2,32,71
8,37,46
4,92,89
5,6,11
9,41,60
8,76,79
3,13,59
4,12,56
9,21,82
7,4,53
9,37,25
7,76,54
1,8,1
4,75,84
5,37,81
8,17,45
9,81,92
6,19,44
4,8,63
7,82,32
2,67,62
9,47,50
6,73,16
9,33,82
5,7,95
6,82,24
6,27,70
2,20,27
9,26,22
8,65,39
4,74,92
4,84,14
4,96,9
6,39,12
3,8,54
2,7,6
9,93,15
4,34,96
3,28,2
8,73,64
8,51,83
3,31,7
5,75,49
6,67,25
8,33,62
1,27,44
9,5,8
7,11,61
9,13,23
8,82,48
5,87,72
3,50,41
8,38,57
8,40,60
6,35,22
4,32,15
5,21,45
5,39,87
5,19,71
1,68,72
