s_j,p_j,d_j
5,7,54
7,79,52
2,65,21
9,1,59
9,61,36
2,86,20
9,78,29
3,53,52
4,14,92
1,65,69
4,90,3
6,78,71
5,59,31
2,14,5
8,70,5
4,51,44
7,34,39
3,42,40
1,85,66
8,28,86
3,63,48
7,48,78
4,69,94
3,79,75
7,71,65
8,23,17
7,11,5
5,39,23
4,22,6
6,74,47
3,8,76
4,80,19
2,66,69
2,73,9
5,34,34
3,55,38
8,10,7
5,40,39
5,64,23
5,5,70
2,81,57
7,93,20
8,96,65
3,51,56
4,38,41
7,91,50
2,91,76
6,15,57
5,74,15
2,33,22
6,8,5
5,70,58
6,78,1
7,26,44
4,86,55
6,24,26
9,95,2
4,18,58
2,1,46
7,57,62
2,74,82
4,82,92
1,71,93
1,27,33
7,3,34
1,12,25
4,41,29
5,82,14
5,66,92
2,22,40
7,34,83
2,42,19
1,32,2
6,85,38
5,80,36
2,22,47
1,74,12
7,46,28
6,45,97
6,17,57
8,3,16
2,41,93
6,18,95
4,56,38
2,9,4
5,71,56
2,74,40
5,62,92
5,36,91
7,21,44
