s_j,p_j,d_j
8,1,53
4,98,84
6,63,58
4,12,55
7,93,5
4,76,54
8,85,18
5,42,17
4,19,70
7,84,76
3,18,37
8,4,98
1,32,4
3,36,29
5,67,97
4,38,32
6,74,34
3,88,57
2,50,98
2,76,53
3,87,46
2,15,82
6,31,69
6,21,57
5,63,33
2,17,1
7,66,56
2,98,20
9,17,68
9,96,38
1,32,43
3,43,52
1,50,69
1,20,87
4,84,64
6,54,4
6,52,23
1,23,24
4,89,68
5,53,83
7,21,44
1,24,92
8,41,35
5,65,2
4,34,60
4,63,7
3,13,95
3,11,71
3,7,54
3,66,38
9,50,32
4,36,69
6,52,19
2,17,52
9,77,12
4,7,81
2,70,1
9,51,50
2,3,61
6,11,93
4,83,62
7,69,16
4,38,76
7,45,30
4,60,10
7,43,10
3,83,15
4,39,75
3,70,84
2,88,42
1,51,28
4,74,98
2,89,22
5,22,91
5,79,68
9,90,52
5,32,89
1,88,38
5,91,11
3,27,27
