s_j,p_j,d_j
6,68,79
8,8,16
3,24,58
4,51,77
6,81,79
9,32,94
4,54,68
2,18,47
7,61,83
6,52,32
3,5,81
8,13,40
6,7,88
9,87,78
5,79,55
7,3,38
7,79,35
9,65,65
3,78,65
1,86,53
1,55,76
3,78,62
3,35,31
9,68,33
3,9,20
7,18,3
9,11,26
5,53,11
2,31,83
9,28,75
3,22,55
9,16,1
9,95,54
9,94,11
1,60,32
8,87,37
8,86,35
9,87,33
8,33,40
2,92,71
6,17,65
6,13,79
4,78,32
8,10,32
5,36,38
2,62,56
8,54,98
2,74,19
2,48,43
1,62,37
4,32,57
1,75,46
2,76,6
5,38,4
8,21,96
7,70,29
7,95,90
5,24,32
9,8,13
7,29,16
