s_j,p_j,d_j
4,37,29
6,44,25
4,85,42
9,4,68
3,23,56
7,63,64
4,69,72
7,74,64
6,78,20
9,13,51
3,13,10
5,47,74
8,15,77
5,93,6
1,37,71
1,39,92
8,85,2
2,64,15
1,74,71
7,62,94
9,69,30
4,13,75
3,2,14
9,93,81
9,34,84
1,80,60
7,63,34
8,52,67
6,11,56
3,26,92
6,33,17
1,24,69
8,15,5
3,74,51
2,95,31
5,25,35
3,61,6
1,58,82
8,89,91
7,38,84
3,52,87
1,44,81
2,37,21
5,65,5
2,18,33
7,90,3
5,88,41
1,60,41
7,92,19
6,29,15
3,13,9
5,3,33
5,25,26
1,16,73
8,60,45
8,6,10
8,50,45
7,85,37
7,7,59
4,43,95
7,80,18
5,7,69
9,33,13
9,57,79
8,87,64
9,18,68
2,57,29
6,77,72
6,26,45
3,26,33
