s_j,p_j,d_j
5,75,67
7,86,44
6,50,69
1,48,65
8,39,25
5,36,23
1,95,68
7,10,63
5,14,18
7,87,21
4,19,62
3,80,75
2,66,43
5,73,16
1,70,97
5,14,34
8,88,12
6,13,90
3,44,34
8,10,11
7,96,95
5,37,53
6,22,84
8,84,23
6,75,34
3,55,78
7,59,37
1,65,7
4,74,20
4,47,38
8,20,67
4,4,73
9,62,44
8,89,75
6,64,34
6,16,16
7,41,75
3,81,89
4,92,60
8,52,8
5,2,16
4,63,97
8,7,79
5,13,91
3,91,96
5,58,35
3,27,27
7,76,36
5,62,87
2,60,50
7,51,56
4,19,94
7,96,26
9,59,46
4,26,1
8,14,54
5,41,61
6,22,95
5,77,94
9,33,21
