s_j,p_j,d_j
3,52,90
4,89,66
2,55,66
3,84,66
7,39,9
8,3,10
8,94,98
8,10,43
8,93,93
1,46,89
3,12,42
8,84,13
2,35,78
1,53,44
6,15,59
8,69,55
1,53,73
2,86,30
3,76,16
6,47,24
8,55,10
3,20,75
5,80,62
4,97,41
9,3,68
1,81,54
4,38,25
3,80,75
2,30,12
5,9,1
1,79,33
6,30,32
2,71,13
6,20,40
6,87,98
2,4,46
8,48,73
7,72,94
9,84,49
7,20,92
6,2,49
4,55,92
5,9,4
9,12,81
2,18,56
2,29,38
8,84,41
9,87,54
8,21,77
5,48,46
1,43,27
1,53,67
5,16,87
2,75,64
1,24,63
3,90,17
3,18,52
2,24,53
6,93,19
2,92,66
8,66,42
9,86,21
3,58,30
2,57,75
7,83,41
2,18,59
1,83,54
5,63,65
1,57,91
3,65,68
