s_j,p_j,d_j
2,34,11
2,39,60
6,45,81
7,54,68
2,16,13
2,37,47
9,11,60
8,34,55
4,80,44
2,16,22
9,68,91
2,36,6
4,24,36
3,60,57
4,77,18
2,56,71
5,50,91
3,58,16
5,36,42
2,36,40
1,3,1
3,74,47
1,63,79
8,77,88
7,25,78
3,23,26
9,33,38
4,39,92
5,94,89
1,4,75
9,58,29
6,52,88
6,39,68
6,51,27
4,18,27
7,32,9
2,63,2
4,37,48
5,76,55
3,33,52
4,55,79
6,21,51
6,65,63
6,96,82
7,87,65
2,32,54
9,89,48
8,27,1
8,66,56
5,79,76
8,23,85
3,26,82
9,57,67
3,82,34
1,71,51
8,9,1
5,69,23
5,95,63
1,21,74
4,6,98
2,42,54
2,55,13
6,29,64
8,43,10
5,33,80
9,10,38
6,27,23
3,62,44
3,20,57
2,71,80
