s_j,p_j,d_j
3,29,72
4,34,64
6,18,56
2,41,40
3,44,21
8,54,23
5,8,79
3,37,4
2,69,75
7,21,37
8,8,12
8,67,39
1,18,9
3,16,86
4,30,19
9,75,19
1,95,83
1,65,11
2,14,40
6,63,7
8,33,55
3,14,65
4,45,8
5,8,77
7,43,20
1,38,47
2,39,35
9,77,8
5,95,68
7,15,37
6,27,74
8,22,89
8,17,24
3,84,6
4,48,6
6,96,17
7,15,69
7,39,97
9,7,15
1,10,28
8,94,54
7,58,43
1,62,73
9,66,43
9,49,60
5,24,35
3,69,3
3,18,45
5,52,92
2,50,90
6,33,69
4,40,47
7,38,81
7,17,91
1,56,39
6,91,31
2,85,4
1,40,36
5,52,69
1,38,9
