s_j,p_j,d_j
2,70,56
4,82,10
1,95,77
8,96,51
9,11,92
6,65,64
7,35,97
2,46,18
5,67,64
7,6,56
3,71,49
3,84,54
7,44,6
5,74,72
9,62,49
2,63,97
1,19,7
5,55,37
1,31,46
1,16,60
9,93,45
9,84,5
4,58,81
7,29,66
6,71,87
2,32,98
5,24,35
2,74,60
6,19,82
7,16,14
7,25,56
4,50,47
2,89,33
2,76,2
6,15,36
4,92,14
3,65,14
8,40,12
7,73,83
6,46,31
5,34,47
2,85,17
7,17,32
8,45,58
1,53,19
1,80,65
3,65,10
3,31,87
2,72,30
8,91,29
3,76,70
9,19,48
3,4,53
1,35,2
8,29,44
3,89,39
6,75,49
8,29,24
6,30,24
5,9,52
8,95,78
7,70,73
1,84,22
9,57,23
2,8,56
9,88,55
8,58,68
4,28,95
1,81,21
2,10,19
6,46,24
8,2,11
5,98,6
5,40,19
2,8,37
5,30,69
2,38,37
5,27,65
6,85,45
6,10,37
