s_j,p_j,d_j
7,46,83
7,31,54
7,67,83
8,69,67
2,16,46
7,11,69
3,29,5
5,88,57
4,36,3
9,65,16
6,66,68
9,91,7
8,53,21
4,56,98
5,41,52
2,68,1
6,76,40
1,24,20
7,3,12
4,6,72
7,40,92
6,85,79
8,32,77
4,69,36
3,98,17
6,75,30
6,40,81
1,7,94
8,84,31
7,1,91
6,44,68
1,7,51
1,3,53
7,77,53
4,68,58
3,73,95
4,47,24
9,9,34
4,80,5
7,23,26
8,91,67
7,21,57
5,71,11
1,78,23
2,50,26
7,86,91
9,27,7
2,85,38
8,2,55
5,12,6
3,19,94
9,58,65
3,9,60
2,26,13
1,42,90
7,42,58
5,38,58
2,56,59
4,2,3
6,24,15
5,62,50
9,51,78
3,75,97
6,67,80
2,63,2
3,54,73
7,24,40
5,38,59
7,67,90
2,44,84
1,52,46
2,42,47
3,39,56
5,42,49
1,46,33
8,37,92
9,11,12
7,5,2
2,24,11
3,97,68
8,11,79
6,54,61
5,97,25
3,91,31
8,27,89
8,98,43
2,70,8
8,66,52
6,2,51
8,47,62
