s_j,p_j,d_j
4,98,53
3,70,30
9,46,7
4,55,34
9,39,9
7,57,55
9,18,42
7,38,70
8,55,51
3,5,30
5,85,61
5,1,50
9,5,61
6,58,53
8,91,35
7,11,94
3,35,78
8,24,27
5,84,88
1,39,56
5,46,23
9,60,89
5,77,51
5,6,35
8,26,27
7,35,7
9,55,72
6,44,80
9,62,37
6,81,61
1,20,42
1,53,64
5,67,70
8,14,14
3,86,83
5,45,5
5,33,75
5,35,35
4,33,50
4,40,94
1,1,20
8,37,38
4,9,57
3,74,54
6,54,58
2,93,94
2,87,50
5,8,4
2,68,98
5,24,93
6,96,78
9,68,73
7,45,96
7,65,92
5,48,54
1,87,3
1,25,24
3,97,1
3,86,42
6,1,33
6,83,44
1,42,98
6,18,11
4,65,30
1,94,1
5,82,11
2,72,94
9,33,23
5,16,97
7,64,49
2,32,90
7,18,83
6,2,27
8,4,38
6,14,72
7,60,49
8,80,52
5,84,47
6,55,62
6,3,13
