s_j,p_j,d_j
9,4,70
7,46,33
9,1,36
3,23,8
6,8,12
1,16,74
3,20,55
4,3,31
4,30,74
8,89,29
5,63,55
6,62,77
6,20,72
7,12,69
5,89,65
9,62,64
4,23,16
6,88,15
1,71,43
7,66,21
2,62,65
9,85,44
9,56,22
9,75,16
5,52,89
4,46,6
6,17,2
8,89,68
4,2,38
2,50,40
2,32,15
2,30,46
6,95,34
4,14,62
7,55,66
8,47,38
6,10,23
1,29,33
9,42,32
9,61,98
8,80,54
1,8,94
7,40,11
5,37,86
9,18,62
1,52,11
3,52,46
2,67,6
3,52,51
6,53,40
1,58,41
4,45,18
6,68,74
7,57,51
4,72,5
9,12,36
3,62,66
1,51,3
4,8,31
2,89,35
6,84,14
4,12,57
5,43,88
6,94,38
6,70,70
3,3,7
8,54,44
1,32,82
5,48,67
9,80,30
5,87,16
3,92,92
7,70,12
6,65,10
7,58,11
4,59,43
5,59,83
3,77,39
4,32,28
9,96,90
7,34,82
7,46,36
3,9,82
3,6,95
4,15,39
9,30,63
8,97,72
4,7,72
6,57,18
4,72,15
