s_j,p_j,d_j
8,50,53
8,74,10
2,60,34
8,84,83
1,67,13
2,14,47
3,54,2
8,92,11
8,22,30
9,91,68
2,55,37
1,11,76
9,73,35
5,88,19
9,97,67
6,69,81
3,24,48
5,48,29
6,62,32
4,43,87
2,74,28
8,34,95
8,97,48
2,15,28
4,35,56
3,9,34
6,58,31
3,79,36
5,87,86
2,31,92
4,89,86
9,48,45
1,61,17
8,84,39
6,91,14
2,11,84
7,55,19
4,56,36
4,75,65
7,54,35
7,5,65
9,74,59
8,24,57
4,50,82
7,74,79
6,73,50
3,47,37
4,32,74
6,33,52
5,15,44
4,15,89
2,31,78
3,21,42
6,20,87
6,48,52
6,75,3
4,45,97
3,38,78
3,69,4
3,94,58
3,76,45
3,5,31
4,14,37
6,62,23
9,58,61
8,98,50
5,56,46
3,7,86
2,38,93
1,86,42
7,2,46
2,28,73
4,74,24
5,83,76
2,36,35
1,72,13
1,13,79
2,89,98
7,95,12
7,16,82
