s_j,p_j,d_j
7,61,56
8,60,55
4,44,41
2,35,81
2,15,27
9,11,71
1,61,35
4,42,69
4,28,47
2,71,68
4,98,50
7,98,30
8,36,89
4,47,57
2,64,80
4,19,82
9,1,9
3,25,4
3,53,85
7,39,66
7,12,12
4,76,86
1,23,3
4,65,20
5,81,92
3,15,72
8,83,92
3,13,93
1,1,8
8,60,85
1,27,33
1,52,45
8,24,64
2,40,40
9,35,89
5,60,18
9,37,69
1,11,33
9,49,63
5,85,96
8,65,83
8,34,14
9,36,23
1,94,36
9,23,71
5,25,44
5,66,91
5,24,93
7,28,66
7,68,73
1,29,42
5,88,66
2,65,68
2,85,49
4,80,82
8,37,78
9,67,94
3,65,33
9,35,75
3,86,26
9,81,74
4,20,48
5,55,48
9,44,30
9,90,18
8,58,84
9,17,4
1,93,63
5,10,55
1,13,40
3,53,85
9,21,86
2,79,60
4,60,67
9,52,87
4,44,60
4,20,39
4,95,25
9,79,81
2,86,11
