s_j,p_j,d_j
9,58,97
6,42,76
6,20,7
8,42,38
9,38,89
8,93,83
4,22,61
6,80,55
6,93,75
5,51,73
5,42,15
3,98,17
3,8,13
2,76,18
1,27,97
7,7,67
7,21,42
7,55,55
9,29,80
4,82,45
8,92,31
9,18,3
8,17,28
3,71,11
2,11,17
3,53,40
1,77,95
5,46,9
2,41,47
5,59,83
2,41,69
6,97,38
1,63,80
8,87,87
4,8,76
5,68,77
5,76,45
7,40,60
2,30,89
2,30,58
6,8,13
1,18,62
3,85,12
6,27,10
1,29,70
3,60,25
8,34,74
7,67,69
3,70,58
7,39,35
5,15,52
9,6,83
2,47,73
1,81,95
2,6,7
1,3,60
9,37,18
3,54,36
6,66,79
2,3,97
9,43,1
3,79,29
4,12,2
1,5,42
6,93,73
8,24,69
1,93,83
1,70,48
5,11,82
9,38,50
7,81,88
3,14,88
6,11,89
7,80,53
6,13,37
1,95,31
2,41,8
4,46,48
7,75,81
2,83,31
8,19,90
6,23,90
2,84,18
1,71,20
9,37,31
6,75,17
1,27,41
5,21,16
8,50,8
3,30,36
