s_j,p_j,d_j
2,38,8
9,60,96
6,3,51
4,68,93
9,96,27
3,71,97
1,72,8
4,48,86
8,46,66
9,89,71
1,71,29
5,86,51
7,13,25
6,53,15
1,31,96
8,65,16
6,8,63
8,48,82
5,19,75
1,60,94
3,11,82
9,79,85
3,60,46
6,26,94
3,49,24
7,89,1
3,3,88
4,29,90
9,54,38
5,49,84
8,92,50
6,50,14
9,13,93
5,35,38
5,78,5
7,30,66
8,97,21
5,48,16
9,15,43
4,6,44
2,56,3
5,4,5
9,38,23
2,59,13
3,76,9
5,40,2
5,5,72
2,82,59
2,46,48
1,56,63
6,97,24
7,11,83
3,59,89
9,62,62
6,70,43
7,4,49
1,74,51
5,60,29
3,36,5
9,43,98
3,64,18
7,1,71
1,27,29
6,47,96
3,52,68
7,94,58
8,15,96
9,13,64
8,20,13
5,90,58
1,1,10
1,80,9
1,44,45
7,45,28
7,27,78
3,30,55
7,53,77
9,79,98
1,62,75
8,92,78
