s_j,p_j,d_j
2,11,96
6,79,68
3,53,62
5,51,17
1,80,14
3,1,15
3,31,29
2,44,78
4,5,87
7,45,97
8,90,94
9,20,67
9,30,87
9,61,51
1,31,32
8,56,4
9,22,73
9,17,59
9,76,78
1,79,50
3,38,36
3,88,49
7,53,54
9,31,44
6,23,14
4,54,95
2,50,4
1,61,78
7,74,37
8,78,80
3,28,21
6,66,67
2,54,94
5,35,37
3,46,32
7,71,75
1,28,29
1,5,46
8,62,76
7,47,34
2,37,13
2,14,95
8,59,76
5,74,78
9,34,41
1,94,14
1,36,63
7,35,97
4,60,71
9,66,54
6,64,79
2,8,34
2,41,5
8,37,70
7,74,64
6,21,34
3,6,47
7,16,3
8,90,58
1,74,67
6,17,70
9,23,22
5,55,43
4,16,58
9,76,70
4,3,44
6,25,51
6,98,60
7,90,21
9,23,58
