s_j,p_j,d_j
2,30,68
5,15,78
3,95,32
9,19,14
7,23,2
9,5,24
7,80,64
3,4,94
4,18,61
2,53,7
4,16,73
7,74,40
9,21,93
3,58,26
6,74,84
7,68,95
8,12,42
5,5,37
8,92,7
1,68,73
6,15,6
1,50,46
4,83,22
8,93,46
7,72,8
9,11,57
2,58,13
7,34,82
9,54,48
8,57,69
1,81,40
3,66,13
5,36,42
2,54,20
2,31,34
3,66,77
7,35,38
4,95,2
6,35,73
5,76,96
9,43,17
3,92,80
1,67,19
7,49,93
5,15,41
1,55,36
8,60,83
2,88,51
2,6,63
2,57,86
3,38,78
9,16,23
3,63,44
7,52,92
6,57,76
5,20,90
3,96,61
5,35,56
2,67,65
1,22,25
