s_j,p_j,d_j
4,58,35
2,51,91
7,69,18
1,89,50
9,33,95
8,5,87
2,82,13
5,35,48
7,47,80
7,14,27
2,98,19
4,64,10
7,85,26
8,24,78
2,84,83
9,91,37
6,57,41
4,97,64
1,17,75
6,70,4
1,11,51
5,12,23
7,89,10
8,65,83
3,29,51
3,29,41
7,22,75
3,97,68
1,46,12
6,79,53
3,86,87
5,46,57
1,2,50
9,79,34
8,76,15
1,52,35
4,78,98
9,39,25
9,36,57
8,6,73
8,94,47
5,43,43
3,23,91
8,22,38
6,2,24
9,22,68
5,32,29
4,49,32
4,56,96
4,67,64
6,29,50
1,84,31
7,60,4
7,37,7
7,21,17
6,25,38
2,70,59
3,50,91
1,70,23
3,88,89
