s_j,p_j,d_j
1,71,83
6,78,37
1,25,40
4,4,82
1,90,23
6,67,73
9,45,68
6,78,63
6,8,60
7,72,62
7,27,37
1,12,56
5,56,46
2,73,26
5,42,68
3,39,64
3,66,57
8,39,40
2,89,47
3,25,59
8,37,98
4,35,63
4,61,42
6,18,47
3,79,43
9,27,25
2,52,47
2,46,76
9,7,33
3,69,88
7,82,58
3,59,2
8,41,18
4,93,79
5,98,64
7,59,88
6,54,72
4,56,61
8,64,6
4,57,80
1,33,60
2,41,39
4,50,26
8,66,47
6,55,4
1,75,5
4,46,5
7,84,68
6,19,72
4,77,28
7,6,73
1,79,89
7,1,8
3,89,89
9,61,95
2,38,71
7,34,60
7,11,27
5,91,58
3,41,19
