s_j,p_j,d_j
7,3,95
8,29,46
6,28,55
4,58,48
6,15,53
7,57,44
7,8,58
7,34,50
8,1,50
5,37,2
9,69,79
8,13,56
8,55,46
5,42,21
3,26,69
9,17,84
7,37,24
6,48,46
9,20,5
8,67,17
2,74,76
2,43,94
4,16,80
2,60,1
4,86,1
8,45,83
6,9,64
1,91,55
4,65,35
9,7,53
9,88,8
2,41,40
6,72,27
1,67,70
7,33,4
8,73,92
7,35,33
6,40,92
8,78,19
6,19,85
4,39,26
8,61,93
1,68,40
3,57,15
2,31,28
4,47,36
8,32,37
4,86,18
7,21,63
3,18,45
1,47,92
6,77,70
6,15,23
9,46,12
2,9,63
3,49,92
6,29,30
4,95,46
5,43,89
6,62,48
1,14,95
3,38,85
5,80,65
1,44,83
8,38,65
1,42,86
4,87,69
9,14,94
4,87,52
9,86,30
