s_j,p_j,d_j
4,21,42
8,21,55
3,47,95
5,95,50
7,59,60
4,74,68
8,85,19
3,64,59
5,93,70
8,43,27
5,26,67
8,79,9
9,33,34
1,57,66
5,43,61
4,56,44
3,65,83
3,97,76
3,18,80
7,86,97
4,69,74
8,96,42
9,89,45
2,29,79
6,57,80
7,65,42
1,89,60
7,37,47
7,98,91
7,35,81
9,95,95
6,52,62
2,40,10
6,72,66
2,97,25
1,87,27
2,18,53
5,80,86
8,55,48
2,25,44
5,68,90
7,37,24
3,19,71
7,36,8
3,16,34
6,26,41
5,39,97
8,92,65
6,59,10
9,68,41
1,21,55
7,65,80
4,57,2
9,27,51
1,75,57
4,29,85
1,62,74
3,71,42
3,66,80
5,40,10
5,67,13
6,58,36
9,68,60
8,42,91
8,82,96
7,61,26
7,69,61
8,86,23
4,43,35
4,98,54
