s_j,p_j,d_j
9,75,45
8,70,80
7,27,77
1,75,4
6,89,36
4,66,26
8,83,81
2,37,29
8,47,78
3,37,45
8,62,1
2,66,19
1,49,70
7,35,87
7,68,3
4,32,40
8,6,7
3,49,1
1,46,55
7,97,86
7,26,22
5,5,11
5,79,26
5,14,35
6,32,75
6,20,48
3,37,24
5,51,8
2,20,19
4,36,77
4,44,86
7,76,85
9,39,38
7,92,62
7,52,77
1,75,1
8,25,46
6,25,28
2,7,80
2,77,48
7,18,83
9,28,20
2,66,91
8,61,38
3,30,25
7,26,36
6,7,38
1,56,26
4,74,94
3,2,29
8,34,93
3,30,23
9,61,94
7,46,94
9,31,31
9,2,62
3,16,41
8,81,62
2,3,13
5,24,51
7,10,69
7,24,21
5,10,50
2,60,30
3,4,14
6,86,97
4,69,24
9,40,83
4,43,20
7,89,95
5,97,77
1,17,34
4,93,41
3,59,82
4,29,64
2,28,36
6,61,16
5,18,14
6,39,93
7,69,44
2,89,74
5,44,40
7,29,38
7,42,2
4,12,24
8,16,6
2,49,67
3,94,34
4,48,41
7,10,89
