s_j,p_j,d_j
1,31,69
5,89,38
3,42,45
9,46,62
3,65,59
4,81,83
4,94,52
2,94,87
3,22,82
5,3,18
5,68,76
7,98,67
3,95,92
7,77,6
8,65,51
8,19,91
6,15,35
1,6,57
6,56,91
9,9,77
2,49,37
4,61,8
2,78,8
2,46,96
4,76,64
1,93,49
7,50,50
8,60,60
4,31,4
4,16,17
5,88,83
5,60,51
4,25,24
9,77,80
3,12,96
6,20,98
6,25,44
8,76,51
8,84,24
5,33,64
6,9,10
3,22,86
9,10,48
7,36,76
1,29,90
8,28,33
5,14,25
1,44,41
1,4,51
8,79,50
8,45,32
2,61,53
8,8,59
1,16,87
5,49,73
5,65,44
8,35,64
7,47,32
8,13,46
2,58,33
