s_j,p_j,d_j
3,76,47
4,71,49
4,50,55
2,40,73
5,71,43
9,28,86
9,44,82
4,75,4
2,2,81
9,40,46
8,94,90
6,10,82
3,68,97
6,61,4
9,98,31
3,30,93
5,27,62
1,82,35
7,91,84
2,46,26
4,81,47
1,95,66
2,73,35
2,67,5
1,43,63
6,61,30
3,47,83
6,98,22
4,75,64
8,58,3
3,44,21
6,59,29
9,17,34
8,21,56
2,34,6
7,88,59
2,56,2
9,5,78
4,44,79
5,4,84
2,26,86
4,95,47
2,1,9
2,31,19
1,58,14
7,43,95
6,38,68
4,52,53
9,71,61
4,30,20
6,55,84
9,47,87
1,22,4
4,92,23
1,89,92
1,10,21
3,23,48
8,1,4
2,1,60
9,98,47
7,90,84
3,26,16
8,2,65
6,8,97
7,69,39
9,74,10
6,44,79
2,50,38
5,53,6
3,79,59
