s_j,p_j,d_j
4,89,26
6,3,22
3,5,16
2,53,78
9,62,59
1,80,61
2,39,81
1,10,56
7,60,55
4,90,26
3,8,21
3,18,55
8,56,64
2,76,36
7,58,92
7,60,27
6,9,45
4,40,14
5,42,86
7,47,77
8,93,24
4,2,23
7,97,19
8,20,21
1,54,84
6,96,64
6,68,23
1,55,27
8,82,40
9,90,31
1,80,98
5,32,93
2,75,5
9,16,59
7,83,44
7,53,97
9,3,77
6,11,67
2,73,23
5,37,78
3,58,21
6,75,9
2,68,91
7,60,92
5,79,98
4,45,90
4,11,83
2,25,65
9,42,16
1,88,66
6,74,51
3,29,14
1,87,26
1,61,88
2,14,24
4,43,78
1,44,12
6,38,56
3,44,53
6,71,21
2,34,59
8,5,67
5,45,49
3,89,63
6,68,24
1,17,51
5,16,45
2,85,78
8,77,2
9,78,78
9,94,51
7,50,14
9,41,36
1,64,25
1,20,11
7,40,29
4,16,38
7,5,20
6,77,57
1,28,94
2,79,83
7,67,38
6,75,89
3,31,97
4,98,1
2,44,92
1,29,9
3,27,43
1,50,57
8,74,2
