s_j,p_j,d_j
2,87,37
4,51,42
6,23,29
3,51,71
5,90,93
3,15,66
7,89,68
4,5,82
7,7,33
3,84,43
2,94,84
2,19,68
1,30,66
9,56,7
5,77,65
5,38,27
5,32,62
4,74,54
2,40,28
7,93,28
9,86,88
3,77,49
8,50,24
5,44,87
5,9,14
9,46,28
8,9,19
2,23,16
1,88,15
9,24,68
5,21,91
9,3,73
3,80,63
8,7,32
4,32,78
7,4,21
3,65,14
7,33,80
8,29,59
1,71,21
6,51,3
2,31,98
1,5,45
5,10,82
5,53,71
5,24,16
7,61,83
6,46,64
1,14,51
3,54,96
9,93,93
8,90,75
9,47,4
1,69,94
6,85,36
6,6,66
8,13,89
7,21,23
8,1,88
7,41,38
7,86,41
9,98,79
3,94,39
7,72,16
9,16,53
5,62,56
4,9,11
6,51,43
1,10,86
6,22,92
8,5,13
6,28,58
9,96,94
9,90,84
9,41,48
5,51,84
9,43,61
2,35,23
2,51,85
4,55,56
9,49,81
1,25,26
1,51,2
3,85,72
5,47,56
1,12,3
9,41,7
5,66,24
7,52,91
9,42,37
