s_j,p_j,d_j
4,74,50
6,6,51
5,36,64
6,18,49
4,2,77
8,21,5
3,83,54
9,18,66
1,28,97
4,15,23
1,77,93
6,89,80
5,59,29
9,43,51
5,23,46
4,78,18
6,71,28
2,30,66
7,93,98
7,34,31
2,54,94
1,90,64
2,72,66
9,43,79
2,79,23
7,1,36
2,98,8
4,3,91
2,49,69
4,48,23
9,22,11
8,23,51
1,29,20
9,25,60
3,70,89
8,31,52
7,70,34
5,67,25
6,78,49
9,71,4
2,40,29
6,97,76
3,84,87
8,35,91
8,81,28
8,61,4
4,31,34
7,85,79
4,77,21
4,21,83
7,88,58
2,89,54
4,62,59
7,42,54
3,53,15
3,10,82
3,70,7
4,54,20
1,76,72
2,22,89
9,90,11
9,41,6
6,7,54
5,96,96
3,89,35
8,1,88
5,29,23
6,47,85
9,71,67
7,64,93
