s_j,p_j,d_j
4,40,12
4,65,21
4,8,15
4,39,69
9,96,82
8,57,97
9,82,19
7,29,84
3,63,14
9,66,98
6,35,11
4,13,22
3,40,14
9,56,39
8,14,49
5,98,40
6,38,27
4,72,53
4,31,76
4,98,77
9,70,54
1,24,58
4,40,12
6,3,68
4,98,74
2,53,42
2,94,97
5,19,18
9,77,68
7,16,79
9,50,66
6,35,63
4,9,29
4,93,2
5,14,72
7,18,60
2,63,86
9,33,67
6,38,54
9,94,88
7,98,58
6,5,13
1,88,43
2,55,5
1,88,69
5,27,27
9,19,34
6,50,61
9,34,82
4,68,47
5,80,46
2,93,2
3,32,74
9,65,28
4,66,97
8,58,91
3,74,59
5,91,61
7,93,85
1,8,27
7,41,90
8,50,56
7,45,37
3,30,12
4,39,35
8,82,78
9,43,69
2,25,14
4,46,40
1,94,9
