s_j,p_j,d_j
7,17,44
3,42,12
2,57,33
3,93,87
5,44,12
7,37,50
7,82,56
6,13,43
2,95,93
2,61,50
7,18,6
9,74,92
1,57,24
2,78,57
6,49,66
3,9,32
5,47,93
5,86,76
1,56,80
7,91,30
5,6,73
3,66,28
2,26,90
2,21,28
1,28,48
7,26,97
9,96,65
3,71,76
4,57,58
7,77,33
3,93,78
5,77,4
4,10,44
8,25,95
3,66,85
4,48,84
4,23,10
8,14,94
5,9,97
6,7,82
1,39,66
6,15,43
3,49,18
9,67,38
9,75,14
3,75,10
3,12,92
2,8,6
7,38,53
8,73,94
8,23,74
2,24,92
4,23,47
7,98,27
2,50,78
1,48,4
8,29,96
2,43,17
3,15,64
8,23,96
1,18,31
3,58,29
4,85,36
9,60,1
9,39,1
5,65,91
9,82,27
1,98,28
7,40,59
2,58,74
7,22,90
3,8,22
7,32,50
7,93,14
9,41,68
3,7,32
4,39,31
9,82,87
5,61,82
8,21,49
