s_j,p_j,d_j
1,40,59
2,33,8
8,25,84
3,2,50
3,8,26
9,96,37
4,52,85
8,9,85
1,44,30
6,38,96
6,57,75
4,29,70
8,79,48
2,67,49
7,41,83
3,67,72
8,14,20
8,45,59
3,23,75
1,56,5
6,83,84
8,50,28
3,11,68
3,6,67
7,81,29
4,7,23
6,97,49
5,47,40
2,43,16
8,23,44
1,36,61
2,69,65
8,29,44
2,55,12
6,46,93
2,81,46
8,42,62
4,44,55
2,64,5
2,38,85
1,43,48
8,55,37
4,89,46
3,69,15
9,7,76
3,72,41
4,81,95
7,22,50
5,44,65
6,85,20
1,87,11
9,66,56
2,13,22
5,56,80
4,19,2
7,24,81
8,50,73
8,1,52
3,45,27
2,16,71
3,35,62
8,6,97
8,94,49
5,47,55
2,73,79
1,34,37
8,32,85
3,85,57
9,33,39
1,71,4
9,92,88
3,39,15
9,43,73
6,52,5
9,61,97
3,13,83
2,53,54
1,27,57
4,4,12
7,83,52
5,95,73
9,1,39
3,67,96
4,31,50
3,71,72
4,83,53
4,92,5
8,5,22
1,38,12
8,11,9
