s_j,p_j,d_j
2,60,55
7,85,56
5,45,77
2,7,92
4,14,13
4,92,46
8,66,87
8,38,35
6,95,74
9,63,16
2,95,10
1,66,63
6,58,90
7,85,15
1,50,70
9,68,43
9,97,3
1,89,55
8,82,69
5,78,21
5,92,59
4,47,38
7,62,76
9,51,8
7,98,74
8,42,89
2,77,3
8,47,86
1,81,10
5,62,73
8,46,23
4,64,16
8,41,45
5,51,36
7,11,8
7,46,31
6,13,79
5,96,83
6,26,48
1,73,87
2,94,93
4,11,95
4,35,11
8,56,85
9,37,63
5,8,69
7,88,28
5,13,28
2,38,35
5,28,65
7,15,82
4,86,53
2,17,23
5,80,78
5,35,61
4,95,36
6,56,73
8,52,2
7,20,88
6,96,67
7,43,92
3,98,11
2,53,34
5,63,32
1,40,69
5,40,94
2,37,57
8,43,9
8,91,96
7,83,57
7,91,25
9,21,91
6,37,84
4,2,94
2,43,88
7,22,14
3,48,34
8,56,40
1,10,57
3,47,28
