s_j,p_j,d_j
9,52,84
5,58,50
5,43,4
9,13,61
6,70,87
2,32,45
4,47,10
7,49,65
4,93,29
4,37,72
7,27,81
3,35,84
6,90,73
4,63,59
4,86,15
2,3,42
9,48,72
1,63,42
3,78,4
8,66,42
6,14,12
1,71,92
7,22,95
5,75,41
6,51,60
7,87,21
3,89,27
2,82,29
2,40,12
4,34,69
8,97,23
1,74,3
4,17,76
7,79,82
6,82,87
1,43,90
2,73,30
9,53,5
9,52,55
5,41,68
7,81,23
3,21,92
8,8,78
4,77,57
1,87,44
3,68,86
1,81,39
1,2,40
9,82,90
9,15,66
2,2,60
2,49,97
8,60,31
9,76,28
7,84,15
4,87,13
1,49,20
6,72,46
9,18,87
1,1,68
6,7,7
2,84,85
9,20,32
9,72,43
1,70,69
9,57,20
9,52,97
2,83,44
1,55,79
1,10,22
7,69,93
5,49,6
5,61,1
8,62,76
4,80,96
3,65,60
2,47,41
6,3,77
5,66,73
7,44,90
9,47,59
2,92,59
6,66,1
5,73,93
5,48,40
2,11,75
9,3,23
2,76,44
3,2,42
4,59,30
