s_j,p_j,d_j
1,76,68
6,2,18
3,46,85
5,84,81
4,32,17
4,13,85
2,94,82
6,5,52
6,78,38
6,67,3
3,87,1
8,7,75
9,94,59
5,66,69
1,15,8
9,64,10
1,1,41
3,35,44
3,54,30
9,61,2
4,84,76
7,17,49
6,60,86
3,81,63
5,42,90
6,98,59
6,77,95
7,88,41
2,33,55
6,11,52
6,75,28
1,43,19
8,72,13
8,17,25
4,90,82
1,49,74
8,1,68
3,71,56
7,76,63
3,70,58
3,90,53
4,50,18
7,64,17
8,75,49
6,78,57
7,68,52
6,28,87
9,14,14
9,93,74
7,81,91
4,59,62
3,38,90
5,25,81
5,72,64
1,88,78
5,2,44
2,31,51
9,49,36
4,40,96
8,74,36
4,17,1
1,76,45
6,56,19
9,63,10
2,34,9
7,93,71
8,41,1
7,57,20
8,25,91
2,82,62
3,52,88
7,5,81
5,59,77
5,95,90
9,10,29
6,29,41
6,12,5
4,11,39
6,2,57
1,96,5
