s_j,p_j,d_j
9,13,40
7,74,94
1,15,32
9,64,82
4,45,62
6,1,69
4,2,13
9,56,48
1,89,98
4,77,90
1,45,71
5,75,48
5,94,98
3,23,6
4,25,93
3,43,43
1,17,37
4,21,88
7,31,98
6,44,58
5,66,34
9,68,77
3,83,62
1,93,48
3,5,84
9,50,34
3,47,32
2,27,85
4,78,88
1,37,62
2,17,20
6,45,67
2,84,17
3,67,52
1,55,86
3,34,26
8,67,96
7,76,44
9,69,80
3,80,28
2,86,86
8,87,31
3,69,60
5,21,3
2,69,45
6,45,30
4,65,88
1,28,32
3,35,57
7,63,77
6,28,98
1,15,41
1,35,86
4,94,65
5,84,24
6,35,7
1,72,80
6,57,18
5,15,96
2,10,22
7,3,82
6,90,30
4,44,17
3,90,55
4,6,21
4,23,3
8,51,55
1,25,83
6,9,91
7,33,90
4,29,73
8,73,34
5,35,52
1,51,89
8,93,57
3,59,85
9,85,5
7,74,20
5,81,71
6,26,14
