s_j,p_j,d_j
8,81,92
4,44,12
6,42,28
6,86,57
4,74,58
9,42,13
8,56,22
3,37,93
9,15,72
2,55,87
2,88,24
8,55,71
4,37,76
1,84,65
9,20,54
8,38,59
2,62,8
4,78,30
7,45,44
2,33,27
9,82,51
2,72,66
7,43,51
4,39,40
1,78,76
3,43,95
5,48,24
4,55,54
9,68,11
7,22,46
3,38,88
3,30,80
2,75,36
9,29,14
5,1,31
2,30,90
8,77,7
9,67,48
3,54,87
9,25,61
8,16,26
6,4,25
7,7,22
7,37,81
4,22,38
5,24,87
9,65,29
6,80,86
4,45,88
6,71,33
5,63,75
9,81,50
5,42,86
9,91,70
9,39,41
8,7,37
1,50,10
2,96,59
5,78,16
7,37,79
2,29,65
3,15,53
1,24,44
5,94,14
2,21,26
1,36,22
9,85,57
8,56,68
3,49,1
7,87,54
4,50,55
6,15,81
7,15,4
9,8,28
2,50,65
4,87,21
7,58,63
2,95,91
6,14,37
6,42,81
6,30,31
7,82,36
6,15,12
3,75,24
2,96,57
1,49,20
7,25,63
5,54,94
1,52,27
8,51,52
