s_j,p_j,d_j
2,16,89
9,27,17
9,2,11
1,15,33
5,17,67
7,59,84
5,15,62
6,50,27
4,77,61
1,98,41
9,97,3
5,24,29
9,21,25
8,54,91
6,90,83
5,47,15
7,28,51
7,31,18
9,29,14
6,74,84
6,57,66
6,83,17
3,65,46
3,70,37
3,26,46
2,18,73
4,83,16
8,29,28
7,20,11
8,9,74
9,52,77
3,19,36
1,66,17
5,8,28
2,14,94
6,49,39
7,47,71
5,39,54
9,38,69
4,77,68
8,74,33
1,18,82
6,73,47
7,89,35
1,24,76
1,9,86
4,13,34
7,32,33
3,8,88
1,35,94
6,28,12
4,44,53
2,96,94
3,94,85
3,25,2
7,75,93
9,85,50
1,15,13
3,80,21
5,17,29
