s_j,p_j,d_j
5,71,25
9,20,46
4,77,86
6,42,65
8,52,51
3,51,81
4,18,98
3,54,82
4,72,4
4,39,42
9,82,17
3,55,39
4,3,25
6,47,48
3,27,95
3,63,94
9,29,10
9,92,29
3,42,90
4,38,98
7,26,81
4,89,49
8,55,11
8,1,64
8,85,49
3,13,67
5,62,69
1,8,97
5,71,49
9,79,11
6,6,72
4,97,15
6,51,5
3,2,26
5,83,21
4,81,79
7,56,19
2,48,89
9,91,24
1,96,6
4,35,20
7,48,51
3,85,34
5,10,22
8,58,16
1,33,96
5,3,58
3,52,8
5,64,49
4,22,56
3,18,17
2,86,32
5,63,18
3,35,26
8,94,95
9,53,68
2,28,69
3,91,62
3,9,48
1,4,71
6,75,97
7,65,39
5,52,74
8,47,47
7,4,50
3,10,6
7,40,56
5,53,46
2,59,80
3,94,44
5,84,76
3,30,57
4,38,50
7,49,10
2,34,64
4,70,60
1,57,75
8,12,58
3,21,27
6,18,17
3,12,56
2,59,40
1,1,92
8,98,70
3,32,71
7,75,56
1,11,43
6,23,14
4,17,32
5,56,96
