s_j,p_j,d_j
3,83,94
4,88,31
1,72,24
2,79,65
7,25,81
5,14,85
6,21,11
5,97,39
3,55,80
2,7,5
4,26,86
9,14,25
9,31,1
9,18,45
8,43,20
4,82,95
4,89,47
3,38,49
3,92,83
4,59,13
8,64,53
7,36,36
3,76,81
5,75,88
4,43,65
5,57,31
5,88,46
2,19,61
3,21,77
4,62,81
1,46,41
9,84,19
1,13,36
3,76,9
3,16,65
4,10,6
5,53,77
2,87,41
9,27,48
4,85,29
5,45,31
6,2,27
2,4,56
5,16,6
3,45,53
8,56,92
4,91,87
4,28,18
9,17,2
7,84,54
4,49,60
1,58,55
6,19,47
5,4,6
4,91,19
5,41,62
4,9,74
6,69,67
6,45,94
8,65,77
9,10,54
4,80,11
3,45,37
1,68,49
6,95,74
9,80,25
6,9,91
7,23,76
5,79,38
1,17,14
4,19,39
4,89,51
5,52,74
3,6,73
2,71,8
8,72,13
5,10,4
8,29,88
9,59,85
4,39,70
6,21,34
5,21,50
5,36,28
9,93,98
5,14,81
7,43,69
2,76,72
3,34,61
7,88,66
9,70,95
