s_j,p_j,d_j
2,48,67
9,54,64
4,4,84
2,98,96
7,22,95
7,56,37
2,25,4
5,27,22
5,8,93
9,51,40
7,60,8
9,73,28
3,27,3
8,4,52
3,49,83
7,59,72
7,14,93
3,6,69
8,75,18
5,1,50
3,50,78
4,73,92
2,76,72
6,93,79
5,25,86
5,55,66
6,57,59
3,21,25
1,94,25
4,20,7
2,57,76
1,28,39
3,5,20
4,80,97
2,37,87
3,10,73
1,22,74
6,18,34
4,28,6
1,71,30
8,70,53
7,21,68
2,86,30
8,77,95
4,91,91
9,92,65
7,92,48
2,12,37
9,89,71
3,94,89
2,88,38
3,27,64
8,62,22
8,14,76
5,78,98
1,24,18
6,30,53
8,43,60
3,11,1
5,21,94
