s_j,p_j,d_j
3,95,91
3,52,94
3,89,28
5,32,11
8,94,2
8,35,32
8,15,95
5,3,22
1,26,54
7,98,53
1,19,38
4,77,59
7,91,52
6,37,30
4,68,72
8,69,89
1,16,15
8,57,42
6,54,90
6,91,21
3,51,39
2,25,86
4,74,14
4,14,66
9,97,26
3,34,75
4,64,24
4,86,58
2,69,97
3,37,9
9,74,93
1,66,92
7,94,33
3,40,22
1,80,89
8,67,77
5,80,40
5,83,82
4,21,98
4,81,27
7,25,61
4,86,36
9,86,41
1,14,97
6,10,37
4,8,40
9,82,96
6,31,92
2,91,61
5,93,30
8,68,22
7,63,46
6,36,34
7,96,84
8,29,11
9,74,85
6,33,83
4,30,91
4,14,65
1,64,43
