s_j,p_j,d_j
2,85,78
4,67,25
5,73,30
4,71,73
5,8,19
6,30,51
5,49,81
8,60,4
2,67,78
8,63,55
9,46,7
7,13,91
2,58,88
1,12,95
3,74,51
2,20,81
1,56,3
6,13,61
1,41,7
6,41,73
7,82,31
4,14,3
8,20,64
2,9,2
8,2,55
3,61,13
5,66,15
5,44,88
5,29,82
8,76,32
5,97,63
7,86,81
7,21,61
8,98,72
9,9,67
8,86,45
5,8,23
2,23,66
3,77,74
8,65,95
6,21,38
6,66,41
8,32,36
6,45,21
5,85,29
7,66,9
2,28,58
9,68,18
1,3,17
4,91,80
7,34,53
2,84,3
1,72,95
7,87,73
5,33,76
7,31,54
8,44,62
7,42,29
9,67,87
8,93,48
5,61,14
5,60,40
4,44,79
3,73,13
2,60,76
6,80,78
3,53,15
8,44,96
8,25,39
6,53,68
