s_j,p_j,d_j
6,63,54
4,4,88
5,7,38
5,48,78
4,32,60
1,7,6
5,9,25
1,11,85
9,81,5
2,66,49
9,63,54
9,20,66
3,70,42
3,17,16
1,63,86
6,91,90
4,61,55
1,10,64
1,43,46
5,55,59
8,53,98
9,3,54
7,78,67
7,13,96
7,83,72
8,19,23
4,95,78
5,74,4
4,36,95
8,75,42
3,55,89
5,70,57
8,6,13
2,42,10
1,88,23
3,34,26
6,80,10
6,14,4
5,56,43
3,35,76
6,14,77
1,65,1
4,28,7
7,84,38
3,82,20
3,90,47
5,46,13
9,27,32
2,6,45
4,71,87
4,42,21
5,7,57
5,82,39
4,13,19
6,89,73
9,40,87
7,92,79
2,9,85
5,35,27
5,23,68
5,8,29
7,89,61
3,85,63
2,7,5
2,64,73
4,28,67
9,10,81
6,56,85
8,78,82
9,94,81
7,24,37
5,89,25
7,22,13
6,71,75
1,34,32
4,50,51
9,79,32
7,41,28
4,22,67
5,93,70
4,29,58
4,38,88
5,92,18
2,64,94
4,36,92
7,86,49
8,83,52
7,51,20
5,75,25
1,20,86
