s_j,p_j,d_j
6,70,98
6,85,25
3,37,78
2,67,45
7,83,15
2,90,5
5,81,84
7,52,24
2,31,69
3,95,98
7,39,36
7,50,8
6,48,97
7,42,37
1,7,34
3,56,55
3,56,30
1,56,28
3,62,22
5,48,24
6,51,82
5,37,11
2,10,31
4,31,61
4,82,31
4,90,53
6,80,39
1,19,2
2,75,14
6,9,74
2,41,12
2,21,73
2,12,17
2,46,10
6,23,81
4,60,3
4,44,70
9,37,91
9,21,49
7,27,85
1,38,33
2,77,29
4,74,4
7,85,30
3,50,61
6,75,96
8,26,58
6,19,24
6,66,62
2,31,77
6,37,66
4,95,59
8,8,76
8,88,94
2,29,89
5,39,87
6,29,58
1,56,62
4,11,34
2,88,71
4,28,68
5,83,76
9,13,77
2,50,78
2,85,8
6,95,57
3,19,81
1,42,56
3,29,84
2,3,45
