s_j,p_j,d_j
1,38,33
8,19,51
9,18,17
4,54,79
4,97,42
7,43,22
9,78,92
9,50,87
6,33,12
1,28,40
1,50,69
2,47,51
7,73,95
9,27,26
2,16,18
5,41,6
2,43,19
5,23,30
8,6,8
7,4,1
1,48,15
6,98,49
7,91,41
3,69,5
2,39,29
8,80,71
3,53,2
8,24,15
6,80,56
7,22,82
3,57,80
8,96,56
9,42,42
8,92,40
7,8,90
8,21,81
9,2,48
8,26,52
3,22,47
2,37,95
4,45,11
1,21,86
9,35,54
5,73,47
4,40,35
5,75,7
5,82,29
1,11,8
5,91,33
6,4,97
4,22,83
9,44,81
9,34,94
9,15,44
1,70,14
7,1,77
6,81,42
8,59,4
3,85,91
5,11,54
2,78,82
4,54,31
9,29,11
7,24,25
2,68,34
8,65,54
6,80,73
3,78,6
8,66,56
6,94,37
6,18,64
9,18,97
4,97,49
2,14,90
7,20,19
9,74,66
5,35,35
3,77,9
6,21,42
2,6,54
7,92,94
5,81,6
8,71,85
7,70,5
2,66,1
7,32,98
9,96,26
7,75,56
2,11,72
7,28,76
