s_j,p_j,d_j
2,27,56
5,90,71
8,98,24
6,48,34
7,41,60
9,64,41
2,92,9
3,81,36
6,48,13
7,96,61
6,90,40
9,55,14
2,77,16
6,74,17
5,60,82
9,22,10
5,47,21
7,18,14
6,47,1
4,15,5
4,47,23
8,67,90
9,53,36
7,9,33
9,58,6
4,60,35
3,98,29
9,40,13
1,21,58
9,7,85
3,3,20
1,6,22
8,98,26
7,47,88
9,95,92
2,87,15
5,23,83
6,49,33
8,13,42
2,73,8
5,15,29
6,75,20
3,44,16
5,64,89
9,86,61
2,87,4
3,4,49
7,1,69
1,92,28
5,49,49
8,75,1
3,10,83
3,30,31
2,4,64
3,17,2
9,26,24
5,46,18
1,5,46
3,32,29
3,1,76
