s_j,p_j,d_j
1,5,81
7,42,72
7,38,42
9,6,5
7,68,71
5,15,56
2,14,53
8,82,21
3,55,15
9,48,85
1,79,24
8,72,57
3,42,19
6,86,30
2,10,56
7,2,10
1,21,33
5,81,13
8,88,15
9,45,52
4,41,40
2,3,54
2,72,72
8,31,68
9,78,35
3,51,88
3,43,29
7,16,7
8,39,85
9,52,74
1,20,34
3,51,24
7,33,2
4,96,52
5,14,20
4,91,77
4,37,68
2,48,25
5,58,9
4,77,19
6,47,46
9,50,5
4,76,64
7,45,93
9,42,66
8,86,85
5,87,46
8,69,90
8,91,85
9,1,84
3,94,13
3,91,92
9,78,73
3,13,56
5,43,11
5,57,14
9,41,73
6,59,37
1,94,63
8,22,14
5,2,47
8,92,72
8,89,27
3,82,45
3,72,14
3,1,83
9,26,76
5,61,11
5,67,7
8,65,84
