s_j,p_j,d_j
7,7,10
8,63,51
6,95,43
8,43,74
5,70,10
5,87,41
4,98,96
4,67,25
9,79,85
4,85,26
4,43,69
5,89,56
1,79,2
8,56,60
3,98,2
1,38,64
3,64,14
9,47,84
6,67,8
6,28,1
8,13,42
3,92,69
7,61,85
3,14,59
6,44,17
9,97,22
5,93,93
9,68,72
1,15,12
7,24,38
2,41,83
5,11,35
1,81,15
5,36,53
1,89,33
8,88,67
1,19,52
9,68,93
7,73,77
5,4,9
8,51,57
3,51,78
5,94,55
2,45,68
3,90,45
9,78,93
8,91,74
4,67,71
6,9,65
8,6,88
2,48,16
7,75,27
8,60,41
9,94,73
9,32,32
4,26,66
5,93,25
6,70,69
6,77,54
5,18,61
2,58,4
1,37,51
6,83,38
6,2,3
1,44,52
9,32,53
2,69,54
3,71,74
5,4,61
9,9,47
