s_j,p_j,d_j
1,93,76
1,59,64
3,84,12
8,35,25
3,79,1
9,98,52
8,80,70
2,21,81
9,4,79
6,94,53
5,13,14
7,91,50
3,16,68
9,43,18
2,80,5
3,19,10
1,95,85
7,85,75
6,58,74
5,25,24
1,69,75
2,50,91
2,25,61
8,85,81
5,11,49
7,60,58
8,38,70
8,67,68
9,62,97
3,34,70
5,27,63
8,24,57
4,67,13
4,70,39
6,52,54
7,82,1
7,22,18
4,62,11
5,22,3
9,79,48
5,40,51
6,77,41
5,40,59
6,63,14
4,7,31
7,18,96
9,14,88
4,46,47
1,40,46
8,97,97
5,39,58
2,48,59
3,33,77
9,26,56
5,47,39
2,33,20
2,15,4
3,80,78
4,72,50
9,9,22
