s_j,p_j,d_j
7,59,95
7,98,81
6,34,46
2,87,39
4,89,84
2,62,79
7,67,58
8,12,69
3,27,84
5,16,83
6,84,77
5,75,77
3,25,72
5,69,64
4,97,30
7,95,61
6,82,42
1,72,82
2,86,10
3,86,31
3,23,40
2,41,10
4,70,58
5,6,65
1,43,40
3,76,10
9,52,5
4,74,71
1,26,76
9,25,42
3,96,76
7,35,15
1,37,92
7,43,61
5,3,52
1,26,80
3,7,14
8,75,25
1,11,89
8,91,53
4,13,60
5,79,79
9,96,14
5,72,65
1,86,94
3,14,34
5,70,59
1,95,2
3,4,76
2,5,69
8,90,3
1,58,50
4,57,3
6,20,66
2,4,13
4,14,16
9,19,74
5,56,51
6,40,93
2,18,29
