s_j,p_j,d_j
9,89,66
2,2,22
8,82,24
3,31,59
3,16,12
4,20,58
9,52,73
6,92,9
5,61,45
4,48,70
1,46,53
5,93,63
1,56,51
6,60,55
4,69,84
5,85,54
4,55,2
2,33,91
3,34,13
8,6,31
5,88,20
1,94,92
7,37,66
3,3,61
2,52,48
2,59,66
7,7,75
6,85,55
6,45,79
4,42,79
9,1,67
9,23,80
2,83,32
1,8,4
9,61,96
3,7,97
2,70,57
2,96,70
2,90,67
4,62,63
4,50,40
4,74,42
9,98,87
2,45,13
8,5,40
7,42,85
3,37,14
5,24,25
9,80,16
5,24,63
4,12,58
5,91,98
9,93,1
2,31,83
9,11,67
2,94,30
6,82,45
5,53,5
9,61,20
5,76,79
7,55,31
2,21,87
5,1,14
8,89,3
5,68,7
8,60,37
6,86,43
6,9,32
4,83,60
5,1,32
5,66,34
7,43,77
4,70,72
2,6,80
5,77,50
9,40,53
8,80,33
8,75,26
2,17,63
9,66,86
5,40,37
1,49,22
5,38,98
6,50,91
1,48,88
1,61,44
9,35,12
1,68,24
5,27,58
1,62,36
