s_j,p_j,d_j
5,76,61
9,70,36
8,65,21
8,41,41
3,84,97
6,33,49
1,90,20
4,43,5
5,43,96
8,23,90
4,39,30
5,73,18
7,63,17
9,19,36
2,22,47
1,55,55
9,21,90
5,87,26
3,61,3
3,56,78
7,27,87
8,80,65
6,8,50
1,78,92
7,26,75
9,2,68
7,59,77
7,95,98
2,68,36
9,25,52
3,63,38
9,69,75
9,57,16
7,76,78
5,54,71
4,10,80
4,63,72
1,58,96
4,83,79
7,84,83
6,80,70
5,64,72
5,96,53
1,40,91
3,21,38
9,91,81
5,73,62
2,95,7
5,96,39
3,70,22
5,11,81
9,36,85
7,95,76
5,36,71
7,38,56
2,20,53
7,92,47
7,9,90
2,16,54
3,16,58
4,97,88
4,69,11
7,59,65
8,32,86
6,24,48
7,60,71
5,94,76
2,78,94
7,57,55
8,96,23
