s_j,p_j,d_j
7,16,57
5,11,15
7,93,70
8,33,82
9,74,8
9,91,89
5,56,87
2,11,6
4,37,6
6,12,89
8,26,56
8,13,12
7,8,30
9,65,70
1,93,23
3,40,42
6,15,65
9,6,52
9,47,73
9,49,56
5,18,72
3,56,81
5,77,84
1,33,9
3,19,89
7,18,45
4,26,54
2,90,31
3,62,78
7,97,97
1,19,86
5,92,53
2,52,91
7,93,65
5,74,46
5,2,24
8,62,4
3,76,55
6,5,60
1,54,23
6,78,80
4,50,43
7,59,41
4,86,46
6,69,36
9,42,63
8,4,14
1,93,11
4,65,50
4,26,65
5,19,28
3,57,7
2,45,2
2,31,65
7,33,94
4,66,40
8,68,70
3,49,67
7,95,79
5,83,16
1,64,84
8,17,26
6,17,65
5,29,65
3,72,9
1,67,28
7,72,14
5,70,77
6,96,8
1,51,19
3,44,46
4,94,81
6,75,51
4,63,43
8,20,11
3,77,9
4,92,3
3,43,62
4,6,9
1,52,60
7,45,19
7,66,50
6,19,16
4,74,55
6,57,51
3,50,53
8,93,42
5,31,91
4,95,1
6,3,21
