s_j,p_j,d_j
4,59,75
2,55,10
2,85,74
7,68,56
6,36,4
7,66,11
5,77,83
1,16,70
9,78,72
8,58,27
6,38,20
6,33,43
9,77,21
8,96,8
8,50,91
1,73,94
8,55,2
4,20,57
2,81,80
2,23,44
6,20,66
1,46,4
1,35,6
4,30,41
7,61,12
3,91,30
5,68,72
4,51,96
6,77,41
1,51,55
2,23,5
3,18,59
8,60,6
5,3,72
4,22,71
5,52,30
9,70,29
7,3,51
6,7,30
9,77,2
2,64,51
2,74,20
3,44,44
7,29,69
6,3,12
8,16,56
4,51,82
6,45,2
4,23,23
2,20,48
3,70,97
9,44,82
2,5,52
4,20,65
8,68,92
8,93,37
3,62,77
7,95,96
8,27,93
6,12,2
