s_j,p_j,d_j
2,53,97
2,23,66
7,49,96
8,87,78
7,91,8
7,23,6
9,62,5
3,44,95
5,67,20
4,31,88
7,77,7
1,5,96
8,26,84
1,23,98
4,26,45
4,64,9
5,1,89
4,53,79
7,74,8
7,36,37
4,22,3
9,61,91
5,27,35
9,38,10
8,12,82
5,93,55
8,65,12
8,74,66
7,83,54
1,39,39
7,9,89
2,77,83
6,35,45
4,17,86
9,11,36
3,41,13
8,95,78
7,49,40
6,72,43
8,7,41
5,90,49
1,26,10
3,29,91
9,95,47
9,46,31
9,27,73
8,15,28
3,49,47
6,5,28
9,32,87
8,52,7
6,5,63
5,39,16
1,94,87
9,91,52
5,23,73
6,6,72
1,28,79
1,29,14
5,58,36
7,16,77
9,16,48
8,17,32
5,78,13
6,74,50
6,61,16
1,5,1
9,62,54
1,95,77
4,57,10
6,93,51
8,31,34
1,26,14
1,4,8
2,25,8
9,36,20
6,31,18
8,30,46
6,83,16
7,4,63
