s_j,p_j,d_j
6,71,37
6,45,36
1,85,95
2,54,4
9,2,65
5,24,64
7,3,64
4,76,94
3,67,37
2,61,34
3,37,41
5,19,11
5,58,70
8,29,25
6,82,50
8,80,17
3,18,63
3,39,1
8,11,11
4,45,55
6,81,12
5,33,70
7,64,67
7,51,83
9,14,75
6,96,63
7,23,23
6,8,45
6,33,20
8,16,63
8,74,18
6,66,25
6,83,86
8,45,78
4,77,20
6,68,49
6,45,36
6,49,32
8,44,86
5,12,25
8,39,57
6,53,88
5,83,31
3,65,20
3,98,44
3,86,48
1,28,94
1,41,11
6,42,14
2,97,35
6,19,29
9,13,20
3,25,78
8,23,81
2,77,55
1,96,34
4,51,74
4,43,40
8,11,43
3,28,47
