s_j,p_j,d_j
9,56,5
4,96,32
5,3,19
5,31,86
1,10,86
9,82,48
1,37,81
6,12,87
3,21,9
2,25,48
2,84,93
6,48,80
1,43,60
4,27,44
1,27,39
8,96,83
8,81,43
4,4,72
8,81,23
3,76,97
1,9,83
8,17,9
6,52,39
4,94,91
7,61,23
7,16,33
3,85,85
6,61,24
8,64,96
6,96,82
2,45,48
9,55,39
8,54,86
5,36,14
2,27,50
3,79,19
7,66,94
1,2,17
8,22,78
6,41,72
4,88,70
6,79,50
9,46,87
6,70,57
8,4,61
3,1,27
9,19,55
4,3,12
3,73,43
1,74,40
2,20,51
9,40,65
8,89,59
7,4,55
6,15,92
6,42,22
2,28,22
6,42,13
5,63,88
5,43,98
7,62,72
5,6,14
9,74,38
7,88,12
4,49,72
9,61,93
8,32,31
4,3,15
7,57,39
6,84,70
