s_j,p_j,d_j
1,95,51
4,10,86
3,38,35
5,38,49
7,75,61
1,35,81
4,50,44
3,38,65
5,43,4
1,43,47
6,28,75
1,49,64
8,94,15
8,68,65
5,40,66
9,95,82
5,50,26
1,47,89
5,9,40
4,89,64
5,28,64
6,20,53
3,84,24
7,44,52
3,23,62
3,53,84
6,80,42
6,76,65
8,61,60
2,68,86
7,40,59
4,39,41
8,57,97
8,19,13
5,23,21
6,80,97
1,19,14
1,68,38
4,29,94
3,30,8
8,60,45
6,56,16
8,18,51
9,18,80
1,75,23
7,74,68
2,53,49
8,96,63
6,7,78
1,54,10
1,15,15
4,15,15
4,56,56
8,49,22
9,88,27
7,49,68
3,13,90
5,42,18
2,49,15
3,50,95
7,4,5
4,9,47
1,46,91
9,14,61
7,85,41
8,55,48
5,29,33
5,63,96
2,49,89
8,42,86
1,85,92
4,79,8
4,33,7
2,59,78
6,44,41
5,57,83
5,79,98
1,14,31
8,84,92
3,15,88
7,34,17
6,11,39
6,1,51
2,79,98
9,95,32
7,56,56
4,20,52
8,52,3
3,75,60
6,35,97
