s_j,p_j,d_j
8,25,98
6,57,43
8,58,70
9,38,93
9,8,96
7,45,20
4,27,19
2,55,40
7,88,91
1,44,96
3,34,96
9,54,48
1,18,24
1,35,82
3,52,3
7,28,56
1,44,32
4,3,34
7,64,63
5,52,62
9,65,98
2,72,32
9,18,87
1,46,88
8,75,91
6,29,65
3,70,56
5,12,61
2,60,20
6,22,21
8,71,44
3,55,19
9,9,93
3,28,72
5,38,92
8,66,87
1,27,72
2,43,46
9,13,67
5,86,4
4,36,37
4,39,7
1,75,12
5,96,63
6,34,54
7,96,94
1,85,83
8,9,81
1,42,2
2,67,68
2,48,14
2,13,15
6,31,74
5,85,23
1,85,5
2,49,40
9,64,81
2,30,18
4,75,37
7,66,22
