s_j,p_j,d_j
2,1,210
7,33,347
9,30,319
9,28,263
1,30,8
4,80,7
3,65,155
3,11,207
5,86,201
3,2,268
9,63,252
9,72,294
6,91,160
7,13,142
2,91,231
5,26,206
2,21,217
6,78,118
1,53,69
2,55,93
8,8,290
7,57,273
6,93,153
3,40,45
6,98,317
7,37,217
7,12,377
7,84,66
4,70,75
9,63,176
7,65,141
8,50,156
4,32,308
7,63,77
7,49,109
6,20,327
7,30,166
2,97,100
8,48,237
9,70,4
5,18,346
8,3,94
3,46,260
3,65,60
4,8,132
5,22,345
9,84,165
8,41,256
9,18,295
3,38,65
1,68,134
6,50,214
3,32,336
4,33,153
3,88,168
8,31,346
8,11,31
9,4,133
4,59,344
8,38,313
3,84,42
7,56,121
3,39,19
8,46,162
7,55,66
2,72,164
6,59,154
6,74,20
5,93,184
9,93,380
3,6,194
7,42,15
2,39,155
7,89,237
6,89,222
2,83,342
8,78,320
8,79,293
2,45,377
5,15,253
