s_j,p_j,d_j
6,67,194
6,49,226
7,66,107
3,3,120
2,82,312
4,44,349
7,62,156
9,45,301
2,81,138
2,40,336
8,6,109
2,2,327
1,11,347
1,10,158
4,53,68
6,26,339
1,36,331
6,10,65
8,17,76
2,28,123
6,95,261
3,27,186
9,27,72
1,33,220
5,41,238
3,24,197
3,34,85
5,22,166
2,91,192
9,95,172
3,46,238
4,98,121
1,16,140
8,72,139
1,43,226
4,64,139
9,91,137
7,48,289
5,4,160
3,16,210
9,3,334
1,56,301
8,74,206
5,86,245
5,13,71
7,40,92
9,38,38
6,30,338
4,1,182
9,44,346
8,53,140
2,17,260
2,22,167
8,37,269
3,10,308
2,31,102
8,27,126
4,44,36
6,26,36
1,43,77
9,83,124
9,42,213
3,35,92
6,47,17
2,38,193
8,97,96
9,6,291
7,21,316
3,78,125
7,86,177
