s_j,p_j,d_j
9,66,80
2,61,346
8,71,50
1,29,66
3,79,44
9,19,109
2,64,282
5,42,98
6,44,283
9,80,127
6,39,129
7,6,302
9,14,344
4,21,78
8,15,345
9,74,10
8,40,107
5,59,87
4,43,268
7,41,68
1,40,343
4,41,320
6,30,167
8,66,322
8,94,134
5,11,346
1,3,337
7,58,320
5,6,141
4,11,26
9,18,13
3,3,292
7,66,300
5,11,345
8,13,174
8,79,44
6,15,193
8,36,62
7,28,203
8,2,115
8,73,67
1,4,188
9,82,149
4,65,200
7,19,307
8,48,265
4,55,192
9,7,301
8,64,212
8,93,295
6,59,312
6,43,127
8,82,243
6,48,207
1,48,311
4,23,233
7,60,337
1,96,82
8,89,224
7,64,50
6,11,31
8,39,23
6,94,261
1,46,320
3,27,11
8,22,248
8,19,143
7,10,297
6,73,169
1,95,132
