s_j,p_j,d_j
8,4,355
5,42,350
2,24,361
6,78,353
3,93,368
7,77,210
4,87,159
5,58,54
3,96,358
2,27,90
9,51,155
9,34,104
9,80,78
8,89,191
1,75,188
1,83,378
8,48,276
8,22,367
9,66,112
4,80,352
7,28,97
7,43,186
3,33,348
6,51,289
9,33,270
9,59,170
4,18,273
7,9,8
3,57,19
1,91,279
6,77,333
2,34,359
3,63,226
3,40,266
1,42,247
4,10,181
8,84,178
4,87,150
2,43,370
3,17,121
2,83,29
3,52,13
2,65,390
6,51,223
3,23,17
2,22,366
3,49,92
3,26,262
5,87,266
8,25,261
4,95,133
4,31,236
1,63,110
4,44,23
9,48,52
2,97,37
8,26,204
4,51,167
5,2,11
6,74,379
3,69,305
9,28,213
1,38,148
2,56,130
8,95,327
7,12,184
2,3,371
9,86,112
5,89,87
9,38,187
8,52,325
9,10,116
1,87,331
6,68,228
4,75,208
8,95,291
4,71,151
8,70,37
6,43,239
6,11,151
