s_j,p_j,d_j
3,98,138
1,50,407
9,15,261
7,3,212
9,53,170
4,95,46
3,21,166
5,98,43
7,57,338
4,84,76
1,1,117
8,85,442
8,37,353
3,81,242
1,36,150
3,41,63
4,55,345
8,9,240
9,38,168
1,62,126
1,69,15
7,64,298
3,26,320
7,90,138
3,60,87
4,52,168
2,73,422
2,13,376
3,71,167
8,59,206
8,89,310
2,93,414
2,12,171
2,5,72
4,52,184
5,39,270
8,54,141
4,89,1
1,26,36
5,87,369
6,52,210
9,25,86
4,45,282
7,43,93
9,79,181
7,21,163
2,41,285
1,46,177
5,27,100
4,34,306
4,55,289
2,51,271
8,92,427
5,32,438
7,23,369
1,37,223
1,64,100
1,66,138
8,8,247
4,66,391
5,21,188
4,49,87
1,17,376
5,71,63
3,56,365
4,48,216
2,37,85
1,45,303
7,83,192
2,50,292
6,23,368
1,26,118
8,75,220
6,32,389
1,51,371
3,53,274
1,45,97
8,81,421
8,51,363
7,46,438
6,97,190
4,61,193
6,59,391
5,20,347
1,56,248
5,31,370
4,33,108
9,31,274
9,81,300
5,69,104
