s_j,p_j,d_j
3,70,112
3,84,247
7,4,161
4,36,1
6,83,72
5,43,267
6,75,392
2,30,1
2,72,199
4,86,369
1,26,316
8,55,220
9,88,109
5,42,372
9,12,270
6,39,80
2,47,68
8,16,34
8,41,127
9,29,75
2,40,110
6,21,374
7,14,375
8,35,308
6,56,390
3,91,123
1,53,43
6,7,359
9,98,398
3,20,169
3,60,310
4,33,297
1,65,2
8,69,186
4,37,302
1,22,84
1,94,75
9,65,193
7,96,144
1,12,285
4,5,150
5,74,243
7,16,57
5,72,255
5,96,303
7,75,233
5,91,52
4,6,276
2,58,387
3,12,347
7,48,258
6,38,80
6,34,167
4,96,100
1,64,299
1,5,263
1,80,238
6,66,301
7,62,11
1,51,384
4,5,270
8,33,130
7,85,294
3,66,103
5,90,158
3,1,227
6,5,98
5,63,114
2,86,45
1,49,352
5,46,137
2,57,62
6,86,221
4,26,278
6,82,265
4,34,244
1,54,53
4,32,17
7,28,374
8,6,147
