s_j,p_j,d_j
9,44,71
8,76,163
4,78,144
8,11,124
7,3,202
9,7,293
3,4,130
3,71,247
6,56,136
1,54,281
4,69,73
8,60,37
3,10,22
7,5,296
7,88,128
9,28,93
1,29,190
1,84,270
2,30,269
2,98,71
2,85,299
5,47,121
4,73,155
2,70,118
2,23,159
7,88,279
5,1,190
9,45,98
9,46,209
8,7,272
6,2,252
4,16,108
3,59,249
7,66,25
5,96,192
6,61,192
3,4,20
5,5,251
4,76,68
6,92,204
8,47,170
2,19,33
7,16,295
3,63,245
8,41,269
4,40,270
3,36,46
9,88,199
9,58,176
5,79,40
5,83,78
9,4,6
6,20,149
3,4,73
6,93,174
5,89,65
1,48,185
3,72,191
7,51,45
6,97,179
