s_j,p_j,d_j
4,42,70
3,63,111
8,96,136
4,17,296
3,46,258
5,2,29
4,23,238
1,42,181
5,65,250
5,22,10
2,21,39
1,95,267
6,96,10
4,5,8
1,67,287
7,17,167
2,35,112
6,91,59
9,92,96
6,59,29
8,90,78
5,18,202
7,74,178
2,69,190
9,50,188
2,17,68
6,17,207
3,36,62
9,53,280
1,20,99
6,53,297
5,37,177
6,15,120
9,52,68
5,59,72
9,16,144
9,29,38
9,7,131
7,32,38
2,81,202
7,93,8
3,2,232
9,53,132
7,6,137
4,12,140
5,32,16
6,48,240
9,30,124
5,45,263
2,84,203
1,33,206
2,45,182
7,85,148
8,69,22
8,31,165
3,66,58
8,41,285
6,59,10
4,81,99
4,80,243
