s_j,p_j,d_j
6,91,284
6,18,87
3,21,280
1,1,414
3,79,98
5,84,220
6,5,137
3,10,259
2,61,126
3,79,439
8,43,42
5,76,119
5,25,440
8,68,326
2,57,368
8,21,225
6,53,280
4,31,271
6,27,221
6,18,283
3,92,436
9,39,362
3,17,127
3,14,161
7,75,402
4,76,309
5,35,114
2,17,424
6,58,212
7,87,376
2,33,359
1,8,320
9,67,217
7,6,429
8,32,430
7,2,206
8,83,367
5,15,409
2,68,287
4,12,12
1,16,288
1,67,193
3,13,319
6,81,206
8,24,285
4,20,37
8,35,203
9,23,156
7,23,246
1,40,285
8,54,373
9,46,364
2,66,245
4,84,389
9,39,204
5,13,292
8,60,268
3,48,326
5,7,26
6,1,389
3,71,160
5,73,24
2,56,98
7,90,371
9,95,341
6,43,139
6,19,373
1,12,237
3,34,420
3,97,385
5,60,261
4,33,314
1,94,111
6,91,322
4,7,197
4,6,253
2,98,366
8,3,240
8,60,371
5,69,338
3,79,371
8,94,174
2,73,199
7,22,237
8,38,299
8,8,90
8,14,221
3,33,162
5,58,47
8,21,288
