s_j,p_j,d_j
2,89,382
5,82,321
9,72,254
7,22,72
8,33,389
5,75,275
9,72,98
9,98,264
9,2,392
7,54,195
6,47,297
6,67,21
9,73,126
2,9,306
9,76,277
1,67,282
6,38,51
1,58,51
2,37,230
7,76,193
9,84,179
5,54,202
2,58,383
9,75,55
7,84,65
5,14,355
3,45,228
1,28,182
7,16,268
2,35,99
5,9,336
1,56,365
3,9,108
6,29,324
4,31,262
8,79,386
9,19,181
9,36,305
1,68,28
7,53,148
2,61,167
1,23,85
8,58,281
8,31,7
7,49,365
4,77,50
5,63,275
5,11,27
4,2,212
2,35,356
8,35,69
1,50,204
1,12,296
1,92,4
1,58,231
9,2,347
7,23,229
1,89,325
5,51,375
6,65,297
9,81,243
8,22,98
9,88,359
8,32,262
9,43,148
7,89,4
4,4,7
4,78,303
6,36,189
5,59,289
4,30,92
4,92,31
4,6,195
2,68,358
8,2,281
3,1,344
4,20,123
5,39,118
4,58,75
2,65,72
