s_j,p_j,d_j
5,79,132
9,60,283
9,10,98
5,79,120
1,73,228
3,49,112
6,55,62
1,75,88
3,19,121
3,23,31
4,69,12
2,22,67
5,69,7
3,7,60
5,27,297
8,18,205
1,25,182
3,79,275
6,75,4
7,96,125
4,77,169
4,73,292
3,86,298
4,90,7
1,53,296
2,84,137
6,19,118
2,16,240
2,96,248
5,41,292
6,86,210
4,82,20
8,93,272
8,59,219
5,71,58
4,79,98
9,53,195
7,29,96
4,42,251
7,54,134
2,94,295
4,1,90
7,51,20
9,59,181
2,84,273
3,51,86
1,73,249
2,32,67
5,8,207
4,95,23
5,26,208
9,84,262
6,20,296
8,80,122
9,49,79
2,40,61
2,53,104
1,21,228
8,77,278
6,55,247
