s_j,p_j,d_j
9,35,221
7,44,330
1,16,28
3,87,140
5,15,29
9,78,71
8,27,309
3,90,250
7,78,181
5,47,324
5,68,209
4,4,279
9,27,28
1,67,43
2,61,32
7,52,115
7,30,136
7,67,80
2,71,262
2,51,90
8,55,273
6,91,81
9,73,281
5,35,126
3,19,208
8,42,4
8,48,8
1,83,311
2,20,163
4,64,251
2,4,300
9,89,393
4,20,91
3,86,276
5,39,65
7,62,361
3,45,281
9,37,171
9,2,368
6,78,264
3,56,356
4,67,232
3,77,371
9,95,317
8,19,142
1,33,348
6,42,376
7,66,1
7,53,75
7,89,320
7,63,22
2,52,20
2,60,35
9,22,56
8,6,233
8,72,184
7,37,13
8,39,73
4,46,202
8,62,47
2,71,80
2,7,260
3,39,150
8,6,59
1,70,345
1,38,301
5,86,263
4,88,24
8,93,230
9,52,21
9,54,303
5,60,10
8,93,205
4,64,194
3,65,319
4,12,111
6,56,256
3,52,351
9,70,166
1,73,232
