s_j,p_j,d_j
1,80,358
6,88,47
4,92,358
5,16,164
8,79,425
3,75,22
7,20,377
7,46,297
7,91,37
4,46,38
1,48,335
6,96,82
4,11,67
8,28,286
8,36,320
6,27,151
4,30,437
4,22,106
1,23,200
8,47,299
3,88,237
1,4,416
1,87,411
1,31,224
9,85,137
6,44,264
8,58,342
2,22,192
3,51,2
1,50,205
4,69,93
4,6,89
8,17,288
1,42,151
9,10,216
9,50,290
9,35,196
5,46,254
4,70,145
6,61,143
7,70,127
4,83,115
2,89,1
1,64,223
8,23,70
7,67,38
8,43,435
1,25,370
7,16,317
9,81,222
5,94,223
9,67,372
5,20,129
6,89,214
8,6,335
5,84,113
2,98,227
5,42,293
3,36,202
1,43,215
6,19,156
3,30,396
8,21,261
6,23,7
3,68,190
5,19,408
7,5,348
1,39,247
9,48,363
9,57,272
4,6,4
2,26,6
6,40,61
9,16,369
6,5,236
4,52,10
4,25,286
9,22,363
8,49,290
6,55,374
8,82,111
2,58,164
1,3,111
5,35,210
7,6,441
4,61,402
3,6,249
6,26,87
8,26,328
6,31,45
