s_j,p_j,d_j
9,11,139
3,53,41
8,10,335
6,43,199
2,40,81
1,83,182
6,57,183
2,46,247
6,96,27
9,96,292
6,14,101
3,90,232
6,85,37
5,33,320
8,72,156
8,88,113
2,1,295
9,14,94
4,67,102
1,1,70
3,35,55
3,31,117
7,1,115
5,18,56
8,22,160
7,64,36
9,53,77
7,58,5
1,2,76
8,55,190
9,52,295
9,78,65
5,43,27
8,46,62
7,30,344
9,48,315
9,45,59
5,66,143
2,83,259
4,4,163
3,23,4
5,87,89
5,15,220
8,30,9
5,68,299
7,55,49
1,64,98
8,28,322
1,61,215
7,75,69
1,89,177
3,1,21
3,15,193
8,93,187
8,41,103
1,60,65
2,23,335
3,37,155
8,24,184
1,79,322
8,35,93
1,28,147
9,85,203
5,32,257
5,31,176
3,97,181
9,46,337
6,66,184
1,24,206
6,86,31
