s_j,p_j,d_j
5,47,302
6,34,307
2,11,307
1,70,155
8,57,235
7,70,32
1,36,115
6,77,297
8,46,240
5,64,83
3,13,30
7,12,96
9,10,341
9,59,20
9,38,153
8,33,313
8,6,144
8,23,68
8,7,62
3,85,293
6,74,162
3,23,145
8,43,63
1,62,204
6,73,169
5,89,107
8,97,216
6,54,53
5,51,203
8,17,252
6,10,111
4,2,298
6,96,278
2,6,339
8,22,111
4,85,93
6,29,222
3,35,194
8,30,242
1,77,46
3,27,142
5,96,17
5,48,281
4,39,72
4,30,312
2,50,28
7,38,260
1,49,45
1,77,201
6,82,72
4,26,84
9,73,231
7,37,93
8,49,136
2,17,343
9,55,277
1,71,206
3,8,21
4,9,155
9,39,338
5,10,69
5,58,225
3,68,250
8,35,325
4,18,242
1,54,150
1,50,83
1,64,98
5,90,148
3,61,253
