s_j,p_j,d_j
9,35,127
3,2,41
5,11,195
3,4,295
8,49,56
2,58,265
1,59,243
6,91,89
5,41,24
3,26,260
3,52,109
2,54,195
1,68,5
6,18,242
1,41,33
2,29,55
3,71,39
3,15,171
6,3,79
8,72,103
3,97,123
6,32,294
1,43,252
1,90,191
8,69,85
7,92,105
2,32,136
4,34,44
9,8,209
8,51,214
4,8,49
2,34,247
2,57,13
9,42,117
7,26,113
6,89,206
7,42,71
8,40,210
6,55,274
8,3,18
2,87,46
6,31,288
6,43,295
5,53,78
6,63,158
8,98,265
4,68,256
9,40,113
8,49,46
2,26,101
7,43,248
8,17,71
3,86,162
8,11,299
8,35,30
4,51,116
4,67,163
7,15,175
7,91,203
6,12,262
