s_j,p_j,d_j
3,9,91
9,48,238
6,48,123
6,88,61
6,13,108
2,95,251
4,7,253
3,62,138
9,84,279
1,54,33
6,29,145
6,28,210
4,22,264
7,29,54
4,74,79
6,50,232
7,78,123
8,19,44
7,42,142
4,63,144
8,52,210
7,54,177
4,11,147
6,86,135
3,18,42
8,38,297
8,13,124
6,24,13
5,6,263
4,9,256
9,66,237
3,22,92
6,75,288
3,32,29
1,39,65
6,11,96
2,64,123
9,65,191
6,28,123
7,16,156
5,41,147
3,96,163
5,77,277
9,8,181
5,65,135
3,36,22
7,12,38
3,8,210
1,60,128
6,33,130
3,19,133
6,66,21
1,8,239
6,21,69
4,1,283
3,22,151
1,55,239
3,34,174
2,77,241
5,93,148
