s_j,p_j,d_j
7,93,156
4,75,173
3,15,331
3,63,259
7,61,110
5,2,70
5,30,86
6,12,187
5,91,363
6,20,73
9,91,52
3,90,364
7,11,299
5,42,191
3,63,31
8,62,158
2,79,398
4,53,328
8,6,377
9,43,127
3,49,181
5,51,284
4,39,6
1,36,215
4,70,177
7,49,231
5,91,102
8,3,162
1,25,237
7,45,325
9,61,328
1,34,398
8,82,143
7,25,16
1,38,204
2,79,290
4,20,292
4,80,248
2,91,320
4,33,209
8,8,336
4,91,206
1,8,194
8,54,110
2,65,311
1,44,70
4,27,328
5,61,257
1,41,203
4,50,188
5,79,125
9,90,392
2,11,336
9,54,360
1,24,376
6,30,359
5,49,246
4,53,23
5,20,139
5,37,384
1,85,62
8,80,261
9,12,163
5,82,273
2,4,387
6,37,215
3,48,295
8,9,295
6,62,390
7,8,136
9,32,369
4,62,282
2,61,298
3,52,20
9,91,279
6,96,320
6,22,381
2,55,274
2,72,351
9,73,192
