s_j,p_j,d_j
6,91,298
5,89,57
6,30,425
3,96,47
9,84,411
7,14,101
8,85,46
3,90,351
2,46,31
8,5,305
5,23,447
1,42,270
9,2,192
5,44,432
1,90,297
1,4,119
7,90,65
3,76,162
3,42,168
8,81,289
6,79,296
3,54,154
9,71,307
3,5,210
2,54,363
1,29,149
5,51,186
3,81,134
9,38,264
7,63,357
9,65,31
6,57,261
1,44,242
5,63,74
4,41,55
6,15,59
4,14,218
9,79,266
6,67,308
1,93,29
3,75,89
9,74,285
8,7,143
8,77,221
1,23,148
2,93,76
5,93,225
4,65,254
1,30,102
7,13,79
4,92,277
7,83,279
9,39,356
9,39,194
8,5,45
7,87,277
9,22,266
3,3,327
8,13,412
1,58,134
3,4,383
3,23,215
6,96,317
5,83,154
2,16,124
1,5,173
9,91,38
8,45,295
3,40,351
9,64,25
9,66,219
9,63,180
2,64,392
4,46,181
7,55,328
2,65,444
3,8,76
9,38,6
3,83,129
8,51,133
9,50,428
3,39,434
9,58,428
3,5,246
6,77,39
4,45,21
1,15,77
7,39,396
5,21,240
3,14,222
