s_j,p_j,d_j
5,57,188
3,1,116
4,98,345
8,93,30
8,40,111
9,65,250
4,32,81
1,66,343
9,47,239
1,73,184
4,94,155
2,49,31
3,25,219
1,98,346
7,30,1
2,4,275
6,65,258
6,51,59
1,96,184
5,11,43
6,54,307
6,27,47
1,60,302
6,34,122
1,55,12
5,83,29
9,33,272
5,34,52
2,72,47
3,6,9
5,72,41
1,83,96
7,20,130
2,26,95
3,20,146
7,86,231
2,63,322
8,31,87
1,79,313
4,81,245
9,1,27
6,9,114
2,44,179
6,63,5
9,29,87
2,74,89
5,45,258
2,50,180
7,88,158
6,57,347
7,8,235
6,82,28
7,34,144
4,68,322
9,67,42
5,36,33
8,14,14
8,96,294
5,91,58
8,67,47
5,97,243
9,37,38
7,45,150
1,60,285
7,19,70
8,22,341
1,61,216
3,98,343
4,77,318
2,54,306
