s_j,p_j,d_j
9,94,260
5,46,84
2,52,93
2,1,96
7,9,172
3,70,120
1,57,197
6,96,248
9,47,41
7,92,204
3,40,196
8,50,179
5,88,222
9,40,185
3,31,240
7,67,330
9,7,121
3,61,180
6,29,21
9,54,298
3,44,118
5,26,190
3,22,37
9,26,332
7,21,349
7,95,346
3,55,120
5,78,29
7,56,339
9,35,208
1,10,198
4,69,58
1,85,212
5,4,294
2,22,97
5,2,138
7,61,74
1,93,24
7,69,290
9,42,71
1,31,295
6,22,199
5,34,319
8,17,103
7,7,10
7,30,154
7,36,206
2,73,346
7,56,328
3,80,287
9,31,80
6,75,239
6,52,291
8,85,248
1,77,183
2,95,103
1,66,42
4,23,37
8,68,93
4,93,96
3,34,80
1,7,54
2,17,277
2,34,34
4,1,171
7,94,221
8,8,41
1,77,131
6,56,346
8,58,265
