s_j,p_j,d_j
3,7,235
5,4,97
1,70,262
6,22,128
4,66,166
4,7,267
3,54,161
4,58,141
9,94,182
5,78,70
3,22,4
5,93,18
2,77,184
5,17,215
2,91,171
1,56,86
3,53,283
4,18,44
4,65,219
9,61,192
4,67,60
1,74,56
5,93,106
4,14,45
6,23,204
9,86,141
6,71,102
2,46,275
4,17,3
4,29,68
1,92,122
3,53,298
8,28,229
8,95,204
4,8,277
8,38,166
1,46,69
1,30,145
6,59,162
1,76,299
3,6,157
8,18,38
9,84,148
5,23,277
5,20,80
5,94,140
2,68,286
4,28,5
3,61,94
3,61,140
3,16,123
2,49,273
7,7,60
2,87,28
1,62,215
2,64,267
2,66,273
7,32,32
8,24,137
2,11,261
