s_j,p_j,d_j
8,86,359
4,60,303
6,31,305
4,46,325
6,48,53
9,27,168
5,11,172
3,76,360
4,8,303
4,50,206
6,17,194
6,78,189
8,8,330
3,21,188
8,58,162
1,77,324
5,25,175
7,43,312
6,33,308
4,15,198
4,9,289
3,86,258
8,48,348
8,51,357
4,28,175
1,74,123
9,55,30
3,87,64
7,49,31
2,93,108
3,33,298
3,8,191
8,61,307
4,12,388
1,70,112
9,97,278
4,95,306
4,18,181
8,19,133
5,1,54
1,40,357
7,4,371
5,47,72
7,98,232
8,6,158
4,18,209
6,3,281
8,76,213
6,45,186
6,47,111
6,61,336
9,4,181
1,36,310
4,3,267
7,47,268
1,97,113
4,76,112
7,55,346
5,67,48
2,31,214
6,33,202
9,79,306
7,63,327
9,35,326
1,57,90
1,88,216
7,67,243
3,19,62
9,36,222
8,61,291
3,37,120
5,6,322
2,27,126
5,85,231
5,55,44
7,25,3
5,65,118
9,35,396
8,82,203
4,73,36
