s_j,p_j,d_j
7,20,197
5,23,247
5,77,111
7,58,115
9,11,132
1,72,137
6,64,157
6,60,106
8,27,102
4,56,270
7,6,57
8,68,19
1,80,173
6,50,265
3,31,103
4,22,193
7,26,212
1,71,115
7,24,86
4,64,54
3,32,195
2,79,61
1,57,219
6,30,137
1,33,117
4,88,124
8,32,241
6,87,181
7,24,297
7,38,159
2,37,140
9,97,32
5,13,214
2,97,236
2,15,298
9,9,22
7,59,5
2,47,219
2,35,277
6,74,6
9,74,104
5,56,122
2,16,69
7,70,223
9,7,56
8,65,19
7,6,275
5,12,117
9,38,133
2,7,277
7,32,108
1,19,271
6,97,120
3,61,89
2,61,211
5,10,292
8,11,151
9,84,241
5,41,79
3,78,162
