s_j,p_j,d_j
1,5,115
2,49,119
4,88,333
6,70,159
1,21,162
5,22,189
8,1,18
2,44,275
6,33,17
2,10,140
4,18,335
2,5,309
7,22,32
3,48,322
2,63,58
4,40,231
6,85,66
4,73,39
7,9,99
3,3,45
6,40,263
6,67,260
6,32,44
3,46,301
6,94,95
8,16,13
2,15,80
4,30,204
4,23,220
1,86,120
6,1,214
6,15,244
2,31,174
5,89,140
9,60,78
5,82,284
2,12,139
7,36,258
9,33,114
4,29,103
3,70,29
8,87,250
4,29,172
3,94,78
3,53,47
3,12,91
1,49,170
5,47,3
7,78,152
6,69,91
6,67,153
2,60,4
8,47,331
4,66,294
4,75,205
6,28,273
9,18,329
8,85,150
6,31,217
9,84,157
2,61,123
7,30,39
5,27,232
7,52,287
2,47,272
4,62,243
3,3,117
4,52,289
9,54,273
3,82,322
