s_j,p_j,d_j
1,19,296
3,7,347
9,8,370
2,75,443
7,3,432
3,30,446
4,72,318
6,67,219
9,44,284
8,23,317
8,73,307
9,81,175
6,28,193
9,6,136
3,3,53
1,50,321
2,13,107
2,2,377
9,67,66
6,64,121
2,39,419
3,44,306
1,47,215
6,64,10
2,68,248
2,48,153
4,12,425
3,47,46
5,80,155
9,20,45
1,61,135
1,57,123
1,78,317
1,51,66
9,59,443
2,5,233
8,31,70
1,29,118
2,14,78
4,86,19
5,14,23
9,81,427
4,30,10
6,26,53
3,98,245
9,7,217
2,3,405
4,29,105
3,19,128
7,55,53
9,13,102
6,12,190
9,35,88
3,20,231
2,18,151
4,56,448
9,7,25
3,97,357
7,46,152
7,41,445
2,41,368
4,59,67
5,89,400
3,27,305
9,77,399
2,5,48
2,18,109
2,83,305
2,56,400
8,50,44
1,83,140
5,94,115
2,68,178
4,40,26
2,41,397
7,59,445
2,77,421
3,96,412
3,9,218
3,97,411
1,18,325
6,29,46
2,35,269
7,21,1
3,5,379
1,66,369
8,63,275
8,36,186
1,13,207
2,71,171
