s_j,p_j,d_j
9,23,394
2,63,102
1,5,168
6,34,411
3,48,166
8,98,113
1,31,331
7,82,118
7,71,283
9,60,156
9,69,364
4,82,308
8,3,58
8,86,26
5,69,16
6,30,412
4,29,20
6,30,262
4,17,153
7,87,102
4,31,347
9,44,260
5,57,183
5,46,236
3,47,429
4,62,29
9,13,394
2,39,122
6,7,87
3,27,312
4,63,11
9,4,257
5,39,390
9,33,57
1,16,279
2,68,337
8,80,124
6,1,99
7,91,105
9,29,285
8,30,15
9,41,333
8,82,332
7,65,419
4,87,80
2,25,211
5,77,115
3,45,411
2,96,241
6,79,291
7,98,374
4,7,363
3,55,1
9,31,151
5,76,287
2,50,302
7,16,311
7,26,210
8,3,427
1,36,442
4,98,28
5,27,399
7,16,243
3,48,203
1,73,368
1,97,114
7,11,448
1,84,200
6,97,209
8,35,31
8,20,304
8,82,402
1,34,380
3,50,127
1,55,193
9,87,412
8,62,227
8,64,209
4,65,306
4,80,12
3,74,414
7,25,420
3,55,358
1,43,57
8,93,188
3,86,364
2,13,67
2,14,249
9,59,43
9,34,50
