s_j,p_j,d_j
4,50,118
5,55,44
6,53,449
3,86,40
8,94,91
4,84,123
1,73,165
9,59,20
6,75,342
3,23,366
6,64,55
7,66,53
7,91,19
7,43,382
9,18,122
8,20,246
3,82,192
6,27,227
7,89,135
7,49,300
3,43,375
4,35,249
8,67,385
3,48,103
4,17,274
1,43,358
5,54,349
5,3,439
4,55,427
7,92,54
4,50,25
7,12,5
7,4,403
9,10,158
9,55,368
2,19,124
2,82,81
4,42,337
1,92,122
4,83,86
9,60,319
5,41,240
8,60,74
7,55,384
4,87,145
7,47,17
6,26,110
5,19,379
3,74,114
4,36,184
9,54,104
9,20,412
2,39,403
3,20,57
2,61,356
3,47,46
7,33,199
1,42,70
6,45,184
7,71,337
2,54,35
8,33,397
3,59,244
2,53,35
9,15,335
3,21,448
4,48,318
8,92,286
4,43,234
7,33,281
5,54,333
3,31,335
6,57,106
8,21,129
6,7,121
4,56,108
1,56,344
8,39,113
7,65,88
6,81,58
9,11,108
3,86,60
2,18,52
2,70,295
1,58,241
7,21,376
1,49,360
1,32,31
8,25,384
2,46,329
