s_j,p_j,d_j
4,47,242
4,40,6
8,98,145
9,79,35
9,96,213
1,26,127
3,83,270
5,74,98
4,19,293
1,34,116
1,30,111
6,89,253
1,60,198
1,83,78
1,8,184
1,10,289
3,56,3
9,17,154
6,59,148
7,90,60
1,62,273
5,58,154
1,92,203
7,52,72
3,26,256
6,60,71
9,7,150
5,40,136
5,11,40
2,70,115
3,17,280
6,68,200
7,46,22
4,95,165
3,85,128
1,82,166
7,4,288
2,34,232
2,42,182
2,16,97
7,83,186
5,69,171
4,98,154
7,92,294
6,83,169
7,77,44
6,83,30
7,37,79
8,72,53
3,40,139
5,4,221
3,51,157
6,6,43
9,59,279
3,92,14
7,70,213
1,54,135
2,80,223
5,15,33
8,81,10
