s_j,p_j,d_j
1,74,287
3,76,108
9,71,302
3,26,283
8,36,201
3,34,59
5,56,93
1,73,294
6,91,310
2,49,349
2,67,43
6,50,159
9,88,174
4,14,24
8,36,117
8,37,71
2,33,18
8,5,233
8,8,129
9,14,18
6,69,40
7,56,214
7,42,302
2,7,178
8,28,134
8,27,337
2,54,213
9,43,66
5,45,258
7,43,6
4,28,180
9,67,323
5,37,129
6,77,253
9,28,224
3,68,43
8,98,311
3,44,306
1,23,340
6,43,156
3,93,123
8,75,224
9,37,206
4,14,77
3,78,180
1,86,95
3,44,112
8,73,113
1,45,204
6,94,153
5,7,251
5,89,341
6,65,256
6,85,218
1,85,14
6,32,3
9,3,2
3,79,203
4,34,346
1,46,243
4,46,175
5,4,324
9,83,274
8,52,325
7,2,195
8,60,64
1,61,61
4,76,348
3,48,209
2,93,251
