s_j,p_j,d_j
5,97,202
6,52,306
6,3,330
5,84,219
4,73,300
1,43,147
9,87,38
3,23,6
6,77,37
8,4,195
6,2,310
8,8,123
2,20,46
7,21,174
9,95,299
7,7,184
3,90,44
9,60,390
8,78,8
1,26,266
6,9,121
4,40,288
5,34,139
7,61,298
6,24,102
6,67,395
4,81,254
3,91,110
1,47,264
9,64,223
2,51,397
9,37,284
7,98,92
5,70,280
2,9,82
4,72,269
7,89,372
7,2,319
5,54,232
9,17,211
8,95,110
5,20,39
8,35,91
4,33,63
6,53,249
7,22,346
9,72,370
9,52,42
7,87,12
5,37,14
7,30,358
9,11,361
3,32,279
5,40,324
5,81,217
2,84,158
1,52,122
7,83,254
9,21,172
7,95,104
1,27,383
5,60,134
8,89,212
9,25,380
3,54,238
6,8,131
2,32,67
1,2,115
2,90,34
9,29,384
5,13,357
3,40,209
5,35,219
6,86,280
5,42,259
7,62,94
1,22,85
1,26,7
9,94,276
2,17,151
