s_j,p_j,d_j
3,47,127
2,22,231
9,28,13
6,3,258
1,40,280
3,71,231
8,71,195
6,10,72
2,56,106
3,22,204
9,4,328
7,34,75
9,25,139
7,61,125
9,39,137
5,39,192
2,88,170
7,38,335
8,46,63
5,13,272
8,7,269
4,97,159
6,10,258
3,90,210
3,40,22
6,24,144
3,90,194
5,38,216
4,62,293
5,52,82
4,78,290
3,89,280
3,4,22
3,27,137
9,83,271
7,86,226
9,16,3
8,22,260
8,59,160
7,96,251
6,97,265
6,2,58
3,41,319
8,48,91
8,91,164
7,11,242
1,68,217
5,40,176
6,10,263
4,59,220
1,95,37
3,96,151
7,38,333
6,7,158
8,85,273
3,55,118
5,44,170
9,16,85
7,29,117
4,35,93
8,38,298
4,34,348
6,92,346
6,18,231
8,20,45
3,53,197
6,32,78
4,68,45
2,23,82
5,76,96
