s_j,p_j,d_j
4,35,439
3,82,285
3,13,17
8,29,210
6,15,255
1,86,251
3,79,399
9,72,352
9,6,342
1,87,429
5,31,283
7,48,435
1,50,291
8,32,125
7,74,125
5,31,110
7,85,442
4,86,136
6,49,170
1,76,41
5,8,400
8,69,230
4,77,388
9,43,10
2,96,1
9,67,18
7,52,117
7,32,15
1,84,27
8,76,203
3,25,333
4,13,346
9,80,440
7,84,303
2,73,111
9,22,212
4,58,25
8,92,153
8,23,257
1,46,344
3,64,414
1,7,10
5,82,29
5,51,314
7,90,418
2,69,235
9,52,32
5,53,215
1,89,160
4,35,206
5,70,279
7,69,13
6,4,403
4,91,391
4,54,364
6,92,305
7,8,439
9,10,90
1,22,353
8,34,3
8,33,283
9,91,323
3,8,292
1,58,32
7,92,223
6,93,353
6,94,409
1,94,212
3,2,273
1,87,395
5,43,415
8,71,369
3,77,152
6,11,265
4,76,256
4,51,290
4,22,245
3,30,415
8,85,88
3,95,146
7,57,196
4,61,113
1,40,331
2,56,57
5,40,27
7,4,114
3,85,65
3,49,179
2,19,334
6,73,99
