s_j,p_j,d_j
5,62,106
5,63,246
2,38,195
2,73,1
8,38,64
6,54,225
4,29,289
6,14,168
4,96,272
7,25,241
9,79,74
6,91,69
7,87,163
6,18,174
6,38,3
2,36,75
4,58,170
7,26,262
5,76,215
1,14,21
2,23,206
9,58,257
8,17,96
5,29,216
4,39,151
9,43,43
4,1,243
9,51,249
4,24,28
9,37,59
4,28,200
4,48,235
9,67,3
1,62,39
1,10,84
9,13,34
9,93,45
1,4,44
1,69,147
3,10,72
6,96,244
2,47,86
3,72,259
1,83,263
5,48,79
7,33,128
2,74,16
6,48,116
3,37,194
5,81,84
2,93,151
3,91,244
6,37,15
3,66,189
7,58,3
1,63,162
9,86,237
8,48,138
5,9,210
9,48,79
