s_j,p_j,d_j
8,73,145
9,92,173
9,93,41
2,65,167
1,42,185
8,34,88
9,86,96
7,24,66
4,69,395
7,41,334
5,53,431
8,51,434
9,60,184
6,37,161
2,96,331
9,69,342
3,54,242
1,52,111
5,15,307
6,37,150
4,45,269
6,69,80
9,96,31
5,70,357
3,36,222
4,40,417
4,4,8
5,59,5
7,6,183
6,94,35
1,18,299
8,10,134
4,28,2
3,7,259
3,59,39
3,24,334
1,14,79
1,57,363
9,14,44
1,83,388
5,51,154
9,39,173
8,97,395
7,65,266
8,86,312
9,30,154
4,40,62
5,13,363
6,29,340
2,51,164
6,72,370
9,52,96
6,55,157
2,71,207
4,15,100
1,85,413
6,57,15
9,53,259
2,76,176
3,97,20
4,11,324
5,23,65
3,69,25
7,49,219
3,84,386
7,33,291
7,91,142
7,71,370
3,51,227
7,91,218
7,28,297
2,23,255
6,83,122
1,63,101
5,70,335
8,69,52
6,18,61
7,50,440
9,77,59
3,90,318
9,15,312
8,44,74
6,30,172
2,37,75
1,66,150
1,94,321
2,33,320
8,19,350
5,42,5
6,8,40
