s_j,p_j,d_j
8,46,235
2,85,291
9,43,321
6,76,208
3,60,126
8,7,357
7,34,392
1,87,294
4,59,18
8,28,282
3,29,196
2,92,80
7,29,22
3,77,294
7,10,35
7,15,39
1,10,10
5,68,222
7,75,226
5,12,259
8,20,93
5,65,170
6,70,202
2,22,95
5,19,369
1,31,81
1,73,189
2,96,58
7,62,191
4,40,340
6,29,27
2,5,166
1,36,165
3,60,168
4,34,39
4,55,235
3,84,167
4,44,256
9,82,385
2,68,159
2,51,122
3,96,35
5,8,247
9,12,139
1,51,176
3,67,234
7,16,10
6,35,262
4,50,394
8,67,305
5,62,89
8,57,357
6,14,231
1,71,30
7,39,397
6,89,366
2,42,215
1,17,375
1,14,315
3,59,263
9,84,186
6,65,91
6,57,341
8,36,60
1,14,343
5,24,97
4,38,148
9,12,168
8,41,5
3,80,375
3,87,108
4,50,353
5,7,87
7,32,5
2,14,99
5,60,385
3,85,48
8,68,109
6,6,194
6,97,197
