s_j,p_j,d_j
4,66,0
4,70,0
5,12,0
2,75,0
4,82,0
1,18,0
4,90,0
3,14,0
3,68,0
5,81,0
1,88,0
2,90,0
2,14,0
3,59,0
1,41,0
5,60,0
7,27,0
2,68,0
1,15,0
1,70,0
6,60,0
5,48,0
7,89,0
6,10,0
7,77,0
8,63,0
6,87,0
9,45,0
3,17,0
7,37,0
9,10,0
1,42,0
2,27,0
3,41,0
5,49,0
8,49,0
1,38,0
8,49,0
1,43,0
1,64,0
4,86,0
4,26,0
2,25,0
3,89,0
7,61,0
1,73,0
6,95,0
5,13,0
5,9,0
5,17,0
8,5,0
2,63,0
3,88,0
8,73,0
8,53,0
6,56,0
3,4,0
5,72,0
5,14,0
1,63,0
2,15,0
9,71,0
7,93,0
8,58,0
9,20,0
2,42,0
2,13,0
9,33,0
3,10,0
7,43,0
2,32,0
3,52,0
8,40,0
4,54,0
2,49,0
8,43,0
5,98,0
2,1,0
2,92,0
4,26,0
6,26,0
5,73,0
8,55,0
2,93,0
2,19,0
3,70,0
2,33,0
9,91,0
6,2,0
5,58,0
