s_j,p_j,d_j
3,9,0
7,69,0
2,1,0
3,81,0
2,98,0
9,40,0
9,85,0
5,60,0
4,85,0
2,29,0
5,94,0
1,57,0
5,71,0
3,23,0
6,36,0
1,16,0
5,61,0
7,81,0
3,86,0
8,78,0
8,86,0
9,44,0
1,7,0
9,48,0
3,80,0
4,32,0
6,84,0
9,19,0
4,21,0
7,10,0
8,13,0
3,1,0
7,93,0
9,92,0
9,73,0
6,5,0
6,29,0
6,52,0
5,37,0
4,17,0
3,56,0
1,91,0
5,55,0
8,27,0
1,71,0
6,33,0
5,58,0
1,70,0
6,9,0
6,98,0
6,81,0
6,44,0
8,22,0
4,75,0
9,81,0
6,28,0
7,42,0
4,94,0
5,11,0
6,92,0
3,91,0
4,35,0
8,86,0
1,64,0
8,92,0
8,11,0
2,37,0
5,80,0
2,73,0
8,38,0
