s_j,p_j,d_j
8,87,0
3,13,0
7,36,0
5,46,0
9,34,0
6,37,0
4,5,0
9,7,0
3,91,0
5,55,0
5,4,0
9,62,0
2,74,0
4,14,0
3,67,0
2,36,0
9,56,0
8,71,0
5,60,0
4,14,0
6,18,0
4,57,0
8,91,0
4,47,0
9,59,0
1,12,0
2,87,0
5,54,0
6,62,0
4,71,0
1,43,0
1,62,0
7,27,0
9,87,0
9,67,0
1,15,0
8,24,0
9,12,0
2,68,0
6,41,0
5,18,0
8,60,0
4,14,0
4,79,0
3,90,0
4,1,0
7,18,0
8,49,0
5,20,0
3,48,0
3,14,0
5,21,0
4,62,0
2,63,0
1,10,0
9,83,0
3,15,0
2,37,0
2,43,0
1,86,0
3,93,0
7,90,0
1,89,0
8,74,0
6,34,0
9,47,0
7,1,0
5,36,0
5,44,0
3,58,0
3,54,0
9,60,0
7,27,0
6,94,0
8,8,0
8,29,0
2,59,0
7,59,0
6,8,0
4,37,0
3,36,0
8,20,0
6,47,0
2,36,0
3,73,0
9,44,0
7,24,0
3,73,0
2,75,0
9,53,0
