s_j,p_j,d_j
5,61,0
1,87,0
4,9,0
3,31,0
6,53,0
6,16,0
2,15,0
6,21,0
1,29,0
2,5,0
2,80,0
3,86,0
5,22,0
9,16,0
9,69,0
7,14,0
1,2,0
2,29,0
7,91,0
9,30,0
6,20,0
6,4,0
1,75,0
1,28,0
1,73,0
6,58,0
6,29,0
3,55,0
7,86,0
2,47,0
7,80,0
1,1,0
7,53,0
4,34,0
5,69,0
7,40,0
3,11,0
7,43,0
8,15,0
2,28,0
9,63,0
2,74,0
4,65,0
7,55,0
8,59,0
7,40,0
8,79,0
8,92,0
6,53,0
3,89,0
6,25,0
1,26,0
6,40,0
1,17,0
6,77,0
4,77,0
3,24,0
6,28,0
7,45,0
4,29,0
8,29,0
9,26,0
3,85,0
1,74,0
3,94,0
3,28,0
5,22,0
7,92,0
2,93,0
9,75,0
