s_j,p_j,d_j
2,40,0
6,59,0
8,53,0
6,79,0
3,51,0
4,27,0
7,3,0
8,48,0
8,38,0
1,72,0
2,45,0
3,51,0
9,98,0
6,23,0
9,75,0
3,85,0
4,48,0
1,22,0
8,33,0
7,52,0
2,51,0
2,46,0
1,8,0
4,7,0
5,20,0
4,57,0
8,34,0
1,94,0
9,81,0
7,58,0
9,42,0
2,10,0
1,9,0
7,17,0
6,14,0
9,30,0
7,56,0
5,31,0
3,16,0
8,73,0
1,46,0
4,90,0
2,96,0
3,58,0
6,50,0
3,45,0
7,11,0
1,60,0
5,53,0
5,66,0
8,5,0
9,4,0
5,48,0
9,24,0
7,35,0
8,1,0
9,42,0
6,23,0
3,47,0
3,90,0
2,98,0
1,56,0
2,72,0
8,94,0
5,8,0
9,91,0
3,82,0
9,94,0
5,65,0
8,46,0
