s_j,p_j,d_j
2,56,0
8,7,0
8,47,0
8,75,0
9,97,0
1,93,0
2,54,0
4,69,0
4,11,0
5,44,0
2,65,0
8,18,0
4,56,0
2,97,0
3,28,0
8,23,0
5,46,0
6,72,0
8,76,0
2,72,0
5,1,0
5,11,0
5,61,0
9,6,0
7,35,0
9,94,0
9,13,0
7,60,0
6,49,0
5,93,0
7,72,0
4,87,0
8,96,0
3,20,0
6,27,0
8,57,0
9,81,0
2,40,0
8,66,0
2,31,0
1,58,0
4,59,0
2,29,0
6,4,0
5,10,0
3,67,0
2,8,0
7,68,0
1,12,0
2,42,0
5,54,0
2,80,0
8,56,0
4,8,0
6,18,0
5,42,0
9,27,0
3,40,0
5,47,0
5,87,0
2,96,0
1,2,0
8,65,0
7,96,0
5,19,0
2,98,0
9,51,0
5,25,0
4,14,0
6,65,0
1,2,0
1,85,0
9,1,0
2,15,0
9,3,0
4,48,0
3,40,0
5,98,0
9,10,0
7,44,0
