s_j,p_j,d_j
1,67,0
2,23,0
7,43,0
6,87,0
2,86,0
8,50,0
6,42,0
9,57,0
9,13,0
7,84,0
6,95,0
8,25,0
3,10,0
2,60,0
6,56,0
1,51,0
7,6,0
2,58,0
9,35,0
3,2,0
4,86,0
3,59,0
4,81,0
5,97,0
7,80,0
6,66,0
3,54,0
3,52,0
1,25,0
5,6,0
4,47,0
6,11,0
2,52,0
2,61,0
4,71,0
1,87,0
8,52,0
9,20,0
9,72,0
6,79,0
3,77,0
7,21,0
7,6,0
6,37,0
1,96,0
2,75,0
7,21,0
5,70,0
1,86,0
2,93,0
6,6,0
2,36,0
3,51,0
5,72,0
4,1,0
7,68,0
6,59,0
1,11,0
8,71,0
6,13,0
6,66,0
9,20,0
8,3,0
7,85,0
9,92,0
3,89,0
5,96,0
1,82,0
1,1,0
2,40,0
5,90,0
5,3,0
3,10,0
9,48,0
2,60,0
3,25,0
1,21,0
2,1,0
8,74,0
1,71,0
