s_j,p_j,d_j
3,52,0
3,49,0
8,27,0
4,52,0
8,78,0
6,30,0
2,23,0
6,14,0
9,36,0
9,96,0
4,69,0
9,66,0
4,43,0
3,6,0
1,56,0
3,81,0
1,82,0
5,52,0
8,6,0
4,96,0
6,11,0
1,48,0
4,75,0
6,31,0
5,12,0
1,39,0
8,61,0
6,44,0
5,93,0
1,32,0
5,52,0
3,47,0
1,73,0
3,35,0
6,61,0
6,82,0
8,25,0
9,82,0
3,89,0
8,2,0
9,29,0
7,56,0
2,11,0
1,53,0
2,81,0
1,42,0
1,66,0
4,40,0
7,8,0
5,64,0
7,15,0
4,41,0
9,72,0
9,50,0
2,33,0
1,90,0
8,85,0
3,75,0
1,33,0
5,26,0
1,31,0
7,11,0
5,4,0
1,72,0
3,59,0
8,29,0
7,79,0
6,13,0
8,96,0
9,31,0
3,94,0
6,79,0
4,44,0
2,14,0
3,58,0
8,96,0
7,59,0
3,26,0
7,56,0
9,83,0
