s_j,p_j,d_j
3,50,0
9,56,0
5,56,0
6,18,0
9,10,0
9,63,0
3,10,0
2,90,0
3,50,0
9,17,0
4,55,0
2,33,0
7,53,0
9,76,0
5,39,0
4,8,0
4,64,0
7,12,0
7,39,0
1,79,0
2,31,0
7,24,0
3,83,0
8,55,0
2,4,0
2,98,0
9,92,0
6,70,0
7,46,0
8,68,0
1,76,0
8,91,0
5,56,0
9,53,0
2,48,0
2,70,0
9,70,0
3,33,0
5,33,0
4,34,0
3,34,0
4,1,0
3,60,0
8,9,0
3,38,0
7,9,0
3,90,0
4,52,0
4,93,0
2,27,0
3,96,0
3,37,0
8,71,0
6,7,0
3,51,0
2,62,0
5,5,0
9,80,0
3,4,0
7,89,0
8,88,0
8,77,0
4,11,0
6,63,0
8,4,0
4,73,0
2,71,0
8,42,0
1,35,0
6,45,0
