s_j,p_j,d_j
8,84,0
4,78,0
4,26,0
1,36,0
7,95,0
2,58,0
2,50,0
9,70,0
2,40,0
5,61,0
3,2,0
3,81,0
3,35,0
7,15,0
8,55,0
9,70,0
3,85,0
9,88,0
2,86,0
7,35,0
3,64,0
2,2,0
5,29,0
1,6,0
6,98,0
3,15,0
7,8,0
1,74,0
6,66,0
6,93,0
2,29,0
4,26,0
2,57,0
2,73,0
7,79,0
6,48,0
9,39,0
5,49,0
3,43,0
1,68,0
2,8,0
8,59,0
6,15,0
9,10,0
2,73,0
6,53,0
4,15,0
5,15,0
3,62,0
8,64,0
1,61,0
5,22,0
4,72,0
9,88,0
8,75,0
5,24,0
4,90,0
5,75,0
1,64,0
6,60,0
5,19,0
3,46,0
1,41,0
6,47,0
7,75,0
5,44,0
4,79,0
9,36,0
8,98,0
8,47,0
1,37,0
6,13,0
9,68,0
5,25,0
8,64,0
6,24,0
3,8,0
7,54,0
6,33,0
3,18,0
3,27,0
5,62,0
4,81,0
1,59,0
6,50,0
9,53,0
2,11,0
9,33,0
2,74,0
9,55,0
