s_j,p_j,d_j
1,61,0
1,54,0
6,87,0
4,83,0
7,92,0
9,58,0
1,4,0
9,49,0
7,41,0
1,52,0
2,68,0
8,52,0
3,96,0
9,42,0
3,51,0
1,25,0
3,41,0
7,95,0
4,68,0
9,49,0
7,20,0
3,34,0
3,8,0
1,11,0
5,64,0
9,53,0
6,85,0
3,26,0
2,69,0
7,98,0
5,10,0
1,2,0
8,50,0
3,23,0
9,28,0
3,98,0
8,89,0
7,51,0
6,61,0
3,12,0
1,65,0
8,70,0
2,7,0
3,11,0
7,46,0
7,66,0
9,19,0
2,42,0
8,44,0
7,12,0
4,41,0
2,75,0
9,25,0
7,18,0
8,42,0
4,79,0
9,51,0
9,14,0
4,24,0
1,22,0
7,20,0
8,79,0
9,15,0
9,77,0
3,40,0
4,51,0
5,14,0
2,61,0
2,83,0
1,91,0
4,76,0
3,81,0
1,2,0
6,14,0
2,46,0
4,71,0
9,65,0
3,31,0
9,97,0
7,21,0
2,47,0
8,2,0
6,6,0
2,39,0
7,92,0
3,18,0
8,95,0
2,60,0
7,4,0
4,4,0
