s_j,p_j,d_j
4,75,0
9,50,0
6,35,0
5,76,0
6,25,0
5,89,0
4,71,0
8,87,0
4,2,0
3,47,0
2,47,0
9,27,0
8,47,0
3,44,0
7,36,0
1,86,0
2,97,0
5,87,0
7,21,0
6,75,0
4,35,0
8,82,0
6,2,0
5,44,0
6,87,0
1,9,0
2,4,0
3,90,0
3,7,0
8,24,0
6,74,0
3,23,0
8,37,0
2,73,0
4,32,0
8,41,0
2,6,0
7,13,0
3,11,0
4,40,0
8,12,0
1,76,0
5,36,0
9,95,0
6,40,0
8,26,0
3,24,0
4,83,0
6,25,0
5,9,0
2,60,0
4,26,0
3,41,0
3,81,0
4,76,0
6,86,0
2,81,0
2,33,0
6,14,0
8,55,0
3,63,0
5,50,0
8,90,0
4,57,0
4,85,0
5,13,0
3,93,0
6,68,0
5,45,0
5,48,0
1,54,0
7,83,0
5,14,0
7,76,0
7,92,0
7,12,0
8,37,0
1,98,0
6,68,0
5,29,0
3,17,0
4,11,0
3,91,0
1,21,0
3,2,0
4,42,0
6,31,0
4,49,0
9,64,0
2,4,0
