s_j,p_j,d_j
5,69,0
3,79,0
8,19,0
2,94,0
4,37,0
5,76,0
1,89,0
1,87,0
1,76,0
8,60,0
9,61,0
7,8,0
9,85,0
6,16,0
3,75,0
4,8,0
7,90,0
8,8,0
3,8,0
7,41,0
6,22,0
4,70,0
6,63,0
9,26,0
8,6,0
6,92,0
2,3,0
6,21,0
5,29,0
6,81,0
4,2,0
9,10,0
1,5,0
8,61,0
7,9,0
8,35,0
9,97,0
5,33,0
2,56,0
2,94,0
5,10,0
6,6,0
5,45,0
1,52,0
1,82,0
9,65,0
6,49,0
8,58,0
1,23,0
2,90,0
6,9,0
5,58,0
8,12,0
4,8,0
4,17,0
8,36,0
5,75,0
4,87,0
3,5,0
6,93,0
1,13,0
9,32,0
2,67,0
5,74,0
2,83,0
5,97,0
1,26,0
3,42,0
3,33,0
2,41,0
1,81,0
7,79,0
6,3,0
1,4,0
7,94,0
4,77,0
7,57,0
1,30,0
5,34,0
5,66,0
9,8,0
6,60,0
8,42,0
7,92,0
7,11,0
4,11,0
3,8,0
5,55,0
9,35,0
9,14,0
