s_j,p_j,d_j
7,28,0
9,88,0
5,73,0
8,1,0
2,29,0
4,20,0
1,25,0
1,32,0
4,76,0
2,39,0
9,48,0
2,67,0
5,26,0
6,92,0
9,70,0
4,21,0
4,94,0
5,87,0
6,72,0
2,63,0
3,25,0
5,28,0
8,52,0
9,98,0
2,2,0
8,67,0
5,3,0
5,20,0
5,12,0
2,6,0
7,12,0
2,20,0
8,45,0
4,44,0
2,48,0
1,24,0
4,32,0
4,73,0
5,73,0
9,45,0
5,11,0
7,73,0
1,27,0
3,64,0
3,95,0
8,71,0
3,62,0
3,70,0
4,42,0
2,69,0
9,11,0
1,73,0
5,78,0
2,52,0
4,47,0
9,66,0
1,72,0
4,98,0
4,80,0
2,19,0
9,6,0
4,18,0
4,59,0
2,81,0
4,95,0
5,91,0
3,32,0
3,68,0
8,48,0
5,79,0
