s_j,p_j,d_j
4,4,0
4,23,0
6,65,0
3,76,0
1,10,0
5,18,0
9,32,0
3,85,0
3,4,0
4,82,0
5,47,0
3,24,0
1,22,0
7,59,0
4,51,0
3,26,0
6,38,0
6,19,0
6,18,0
4,22,0
3,85,0
1,53,0
8,29,0
2,57,0
7,43,0
3,12,0
4,56,0
4,58,0
7,74,0
6,34,0
3,40,0
3,12,0
8,41,0
3,89,0
1,10,0
4,8,0
1,86,0
4,21,0
2,86,0
1,73,0
9,32,0
4,88,0
8,17,0
6,80,0
8,72,0
5,54,0
7,48,0
4,28,0
9,57,0
3,39,0
6,84,0
3,1,0
3,16,0
4,28,0
4,6,0
2,77,0
7,60,0
2,85,0
1,48,0
6,71,0
2,49,0
7,57,0
2,57,0
5,95,0
4,95,0
5,79,0
5,24,0
3,38,0
5,97,0
1,88,0
7,90,0
7,67,0
9,73,0
1,53,0
2,38,0
1,82,0
7,45,0
8,38,0
6,64,0
7,55,0
7,68,0
5,50,0
5,35,0
4,68,0
6,55,0
6,93,0
5,11,0
8,27,0
7,21,0
8,28,0
