s_j,p_j,d_j
3,6,0
3,70,0
4,26,0
4,14,0
7,1,0
6,9,0
3,48,0
7,60,0
7,5,0
7,33,0
9,66,0
3,32,0
1,68,0
4,27,0
6,33,0
3,90,0
9,10,0
7,47,0
3,27,0
2,93,0
5,15,0
9,3,0
2,84,0
4,93,0
1,71,0
8,46,0
4,86,0
3,61,0
3,24,0
1,94,0
9,12,0
7,24,0
5,30,0
6,46,0
2,41,0
8,35,0
3,8,0
2,69,0
5,14,0
5,81,0
9,39,0
9,33,0
2,84,0
4,44,0
4,93,0
1,65,0
1,63,0
2,35,0
4,9,0
8,88,0
5,63,0
5,30,0
3,16,0
2,4,0
5,37,0
3,65,0
9,41,0
3,24,0
1,68,0
8,32,0
5,1,0
3,84,0
6,76,0
3,48,0
4,93,0
3,47,0
1,60,0
8,24,0
7,6,0
2,40,0
