s_j,p_j,d_j
8,70,0
6,76,0
1,34,0
1,58,0
8,10,0
9,78,0
8,60,0
6,85,0
8,23,0
5,26,0
4,35,0
7,32,0
1,79,0
6,75,0
3,21,0
4,45,0
6,65,0
5,59,0
9,20,0
5,98,0
6,63,0
2,34,0
9,9,0
4,19,0
5,38,0
8,91,0
8,40,0
9,13,0
2,67,0
3,96,0
9,91,0
4,47,0
9,62,0
7,44,0
9,28,0
4,44,0
6,75,0
2,60,0
4,63,0
3,51,0
7,51,0
9,34,0
2,67,0
4,80,0
8,61,0
7,12,0
4,9,0
6,69,0
6,45,0
7,7,0
7,93,0
3,69,0
3,92,0
9,13,0
3,35,0
1,6,0
1,74,0
8,30,0
2,39,0
6,67,0
5,51,0
6,96,0
2,89,0
1,34,0
5,3,0
4,61,0
6,28,0
5,86,0
5,83,0
3,81,0
7,8,0
5,49,0
1,59,0
1,51,0
1,52,0
5,46,0
5,61,0
5,63,0
7,80,0
9,61,0
3,27,0
9,80,0
3,21,0
5,12,0
3,87,0
9,66,0
3,76,0
1,73,0
3,15,0
1,24,0
