s_j,p_j,d_j
1,37,0
3,80,0
5,3,0
9,44,0
5,71,0
8,79,0
7,83,0
4,38,0
2,51,0
4,95,0
7,66,0
5,50,0
8,7,0
9,12,0
1,30,0
9,12,0
2,40,0
9,49,0
7,21,0
6,90,0
5,98,0
6,93,0
3,66,0
3,14,0
1,53,0
1,49,0
9,73,0
6,8,0
8,19,0
5,52,0
7,91,0
9,78,0
7,85,0
6,26,0
4,30,0
2,67,0
4,4,0
2,3,0
8,22,0
1,27,0
5,21,0
3,37,0
7,6,0
7,13,0
1,38,0
1,38,0
2,52,0
5,24,0
9,11,0
5,45,0
4,23,0
1,43,0
6,76,0
3,61,0
1,96,0
8,70,0
6,72,0
2,62,0
5,8,0
7,88,0
6,40,0
7,67,0
4,67,0
9,1,0
4,55,0
6,59,0
3,78,0
1,19,0
5,49,0
2,14,0
7,85,0
5,53,0
5,72,0
6,85,0
9,85,0
7,23,0
5,24,0
1,37,0
9,81,0
1,17,0
