s_j,p_j,d_j
6,61,0
4,31,0
1,75,0
8,81,0
7,78,0
9,58,0
8,72,0
7,15,0
7,61,0
5,96,0
6,58,0
7,40,0
4,34,0
8,66,0
1,91,0
6,9,0
2,20,0
8,4,0
6,49,0
6,46,0
1,30,0
8,62,0
3,94,0
9,47,0
1,56,0
5,74,0
4,21,0
3,23,0
9,29,0
8,43,0
3,17,0
7,65,0
3,49,0
9,82,0
4,77,0
2,71,0
7,15,0
1,47,0
5,68,0
7,9,0
7,93,0
7,87,0
9,60,0
7,23,0
3,44,0
8,48,0
1,12,0
5,68,0
8,47,0
3,46,0
6,53,0
1,31,0
4,90,0
4,75,0
8,42,0
1,55,0
2,79,0
1,70,0
1,19,0
2,63,0
8,56,0
6,35,0
6,49,0
3,84,0
3,13,0
8,48,0
4,83,0
5,4,0
4,38,0
4,34,0
3,71,0
3,27,0
2,46,0
6,43,0
6,36,0
5,35,0
6,38,0
7,52,0
1,89,0
2,13,0
