s_j,p_j,d_j
3,51,0
9,53,0
1,22,0
6,67,0
8,6,0
4,10,0
4,56,0
4,82,0
6,48,0
1,2,0
2,10,0
3,4,0
8,7,0
9,78,0
5,93,0
1,83,0
5,76,0
5,52,0
7,56,0
5,95,0
5,1,0
4,73,0
2,87,0
1,19,0
7,68,0
5,29,0
7,82,0
3,20,0
8,79,0
7,2,0
3,45,0
1,5,0
5,87,0
7,58,0
6,85,0
9,13,0
2,61,0
9,12,0
8,59,0
8,69,0
6,54,0
5,5,0
1,15,0
6,22,0
2,27,0
5,36,0
9,77,0
1,33,0
2,59,0
6,46,0
3,36,0
3,25,0
2,41,0
9,55,0
2,40,0
8,57,0
3,4,0
7,86,0
2,13,0
3,27,0
4,6,0
9,64,0
8,21,0
7,73,0
4,57,0
8,92,0
6,95,0
4,1,0
6,81,0
3,36,0
9,2,0
7,28,0
9,46,0
4,64,0
6,37,0
9,44,0
8,92,0
8,37,0
6,91,0
3,40,0
