s_j,p_j,d_j
3,95,0
3,59,0
4,10,0
5,33,0
6,14,0
2,94,0
8,10,0
6,49,0
2,85,0
4,51,0
5,73,0
7,78,0
9,56,0
8,66,0
7,43,0
5,22,0
9,55,0
8,29,0
7,40,0
5,92,0
3,56,0
8,5,0
1,14,0
8,31,0
3,72,0
6,1,0
3,27,0
9,67,0
6,20,0
3,92,0
9,52,0
6,56,0
6,38,0
6,91,0
3,62,0
1,60,0
3,3,0
9,1,0
2,35,0
4,61,0
1,61,0
8,53,0
6,35,0
9,82,0
2,89,0
9,71,0
1,9,0
3,81,0
2,43,0
1,91,0
1,76,0
5,74,0
4,12,0
9,98,0
7,77,0
1,29,0
5,56,0
3,55,0
5,9,0
7,10,0
9,1,0
3,52,0
5,34,0
9,48,0
7,13,0
3,98,0
2,27,0
2,89,0
8,23,0
9,66,0
8,41,0
5,3,0
7,77,0
5,17,0
5,29,0
6,74,0
3,75,0
8,12,0
1,21,0
3,39,0
7,41,0
3,49,0
5,59,0
2,31,0
9,73,0
8,97,0
1,68,0
3,84,0
4,40,0
4,57,0
