s_j,p_j,d_j
7,25,0
8,20,0
2,24,0
9,36,0
1,20,0
1,86,0
8,43,0
9,11,0
7,17,0
6,80,0
6,41,0
7,68,0
8,44,0
4,66,0
1,67,0
7,65,0
1,48,0
2,18,0
9,52,0
2,80,0
6,97,0
9,47,0
7,7,0
5,91,0
1,8,0
3,56,0
6,69,0
2,8,0
2,12,0
4,95,0
1,1,0
4,39,0
6,9,0
9,83,0
9,37,0
7,2,0
5,43,0
9,47,0
5,62,0
2,65,0
2,14,0
1,69,0
6,51,0
6,13,0
6,80,0
9,1,0
8,11,0
5,59,0
2,75,0
4,30,0
8,49,0
4,59,0
8,53,0
4,48,0
4,75,0
8,76,0
4,52,0
7,51,0
7,53,0
3,46,0
2,13,0
5,64,0
8,76,0
3,33,0
1,37,0
2,14,0
5,68,0
8,23,0
1,64,0
2,62,0
