s_j,p_j,d_j
6,33,0
7,76,0
4,39,0
5,16,0
7,88,0
7,7,0
4,15,0
5,3,0
9,9,0
4,18,0
7,84,0
8,46,0
7,67,0
5,64,0
4,77,0
4,78,0
4,39,0
8,2,0
4,11,0
7,43,0
8,33,0
6,83,0
2,97,0
2,34,0
9,59,0
8,60,0
9,97,0
2,43,0
9,33,0
2,14,0
2,29,0
9,67,0
2,60,0
7,80,0
7,31,0
6,43,0
6,12,0
7,70,0
1,30,0
4,16,0
1,77,0
7,55,0
7,42,0
9,13,0
2,22,0
8,67,0
7,69,0
3,68,0
7,69,0
2,64,0
7,38,0
8,52,0
6,14,0
8,54,0
6,89,0
2,21,0
5,96,0
3,87,0
7,71,0
5,89,0
1,46,0
6,7,0
1,5,0
7,76,0
9,88,0
3,54,0
2,85,0
2,46,0
9,54,0
4,93,0
