s_j,p_j,d_j
2,68,0
3,34,0
7,1,0
6,44,0
3,22,0
9,34,0
4,34,0
4,63,0
3,23,0
2,13,0
5,98,0
6,95,0
4,39,0
1,70,0
9,55,0
4,72,0
7,54,0
7,86,0
4,57,0
8,21,0
6,35,0
6,70,0
1,42,0
7,95,0
7,82,0
6,39,0
8,47,0
8,70,0
2,46,0
6,81,0
1,17,0
8,52,0
1,45,0
2,56,0
6,38,0
4,9,0
9,9,0
3,72,0
5,78,0
8,89,0
9,86,0
6,23,0
5,18,0
1,85,0
1,75,0
4,26,0
4,13,0
3,67,0
6,25,0
9,68,0
6,31,0
8,73,0
6,1,0
8,51,0
3,7,0
2,4,0
9,1,0
8,36,0
1,24,0
4,10,0
2,87,0
6,65,0
7,6,0
8,76,0
4,29,0
6,66,0
5,11,0
1,47,0
2,77,0
6,5,0
4,42,0
3,93,0
5,55,0
1,74,0
2,5,0
9,74,0
9,50,0
9,92,0
6,25,0
7,2,0
