s_j,p_j,d_j
3,44,0
2,78,0
5,35,0
9,73,0
6,96,0
4,2,0
2,49,0
6,80,0
9,28,0
9,47,0
9,87,0
8,29,0
7,71,0
8,1,0
8,33,0
6,77,0
7,93,0
7,29,0
5,26,0
3,19,0
3,20,0
8,91,0
1,62,0
1,97,0
9,15,0
1,85,0
7,75,0
3,11,0
4,84,0
5,15,0
3,83,0
1,18,0
7,3,0
3,58,0
6,49,0
9,50,0
7,59,0
7,14,0
9,19,0
5,49,0
8,17,0
2,5,0
3,53,0
1,32,0
9,73,0
8,76,0
4,63,0
5,91,0
1,24,0
6,51,0
4,56,0
1,89,0
6,80,0
6,16,0
9,20,0
1,75,0
3,39,0
4,6,0
4,63,0
5,16,0
3,46,0
3,35,0
8,90,0
2,87,0
8,94,0
6,78,0
1,55,0
8,62,0
8,31,0
6,57,0
2,29,0
7,83,0
9,61,0
3,56,0
1,63,0
6,64,0
6,91,0
1,89,0
7,33,0
7,18,0
1,60,0
3,32,0
6,48,0
3,62,0
1,54,0
9,22,0
7,98,0
4,89,0
3,11,0
6,57,0
