s_j,p_j,d_j
2,41,0
2,76,0
5,8,0
2,69,0
1,14,0
7,54,0
1,53,0
1,58,0
5,55,0
7,29,0
7,85,0
1,11,0
8,21,0
4,36,0
5,47,0
9,16,0
9,20,0
1,43,0
8,42,0
5,7,0
5,86,0
6,70,0
1,47,0
4,20,0
6,44,0
5,7,0
3,85,0
8,67,0
5,42,0
3,98,0
9,47,0
1,8,0
6,7,0
3,17,0
2,20,0
4,48,0
3,3,0
6,62,0
2,78,0
7,65,0
4,23,0
6,19,0
6,6,0
2,68,0
3,95,0
7,52,0
5,51,0
7,76,0
6,17,0
2,79,0
7,51,0
9,6,0
2,9,0
4,54,0
8,51,0
1,13,0
6,8,0
3,31,0
7,9,0
3,2,0
6,42,0
5,24,0
9,95,0
6,19,0
3,30,0
1,23,0
8,20,0
4,29,0
4,13,0
8,57,0
4,90,0
6,12,0
6,10,0
8,56,0
6,91,0
3,95,0
2,94,0
1,82,0
3,98,0
1,68,0
