s_j,p_j,d_j
2,57,0
3,70,0
5,60,0
1,41,0
2,8,0
5,39,0
4,26,0
8,15,0
6,26,0
4,79,0
3,87,0
8,31,0
9,94,0
9,47,0
5,11,0
8,76,0
9,38,0
1,28,0
6,40,0
5,38,0
2,8,0
5,5,0
9,30,0
2,51,0
6,84,0
6,62,0
8,42,0
6,29,0
8,39,0
9,4,0
5,63,0
3,6,0
6,17,0
1,17,0
3,84,0
7,39,0
3,45,0
3,39,0
8,28,0
8,8,0
1,82,0
1,47,0
6,28,0
3,96,0
7,92,0
7,28,0
1,68,0
8,84,0
6,37,0
9,83,0
2,63,0
9,14,0
5,55,0
6,95,0
3,37,0
7,2,0
3,32,0
1,87,0
2,69,0
6,25,0
3,14,0
9,6,0
1,19,0
7,9,0
2,5,0
9,24,0
1,95,0
5,65,0
8,44,0
6,79,0
2,57,0
2,27,0
5,92,0
3,28,0
5,2,0
2,89,0
3,61,0
1,17,0
2,17,0
6,66,0
8,47,0
8,58,0
2,79,0
4,54,0
8,41,0
3,51,0
3,24,0
9,59,0
4,4,0
4,78,0
