s_j,p_j,d_j
4,59,0
4,53,0
4,74,0
1,17,0
8,14,0
5,43,0
7,93,0
8,6,0
7,20,0
5,96,0
1,77,0
7,29,0
6,93,0
1,12,0
5,87,0
5,29,0
6,44,0
5,51,0
5,25,0
8,65,0
3,49,0
7,55,0
3,62,0
1,3,0
9,44,0
9,88,0
9,65,0
3,22,0
8,52,0
2,58,0
9,64,0
5,15,0
7,55,0
2,18,0
6,91,0
3,1,0
9,51,0
5,83,0
2,4,0
8,48,0
1,87,0
3,4,0
5,49,0
5,13,0
7,36,0
1,81,0
2,21,0
7,1,0
2,24,0
6,87,0
1,31,0
4,31,0
3,89,0
3,58,0
8,35,0
1,38,0
4,34,0
1,45,0
6,60,0
7,50,0
1,38,0
2,32,0
3,67,0
9,14,0
1,66,0
5,97,0
1,72,0
1,85,0
9,67,0
9,77,0
6,47,0
5,77,0
9,14,0
9,42,0
4,59,0
9,72,0
4,6,0
1,14,0
1,32,0
2,88,0
2,53,0
8,76,0
2,45,0
3,32,0
1,18,0
6,33,0
9,3,0
6,96,0
5,27,0
7,24,0
