s_j,p_j,d_j
3,61,0
7,82,0
7,92,0
7,38,0
2,35,0
3,27,0
1,1,0
4,53,0
8,30,0
5,76,0
1,14,0
2,18,0
9,76,0
5,32,0
1,62,0
2,89,0
5,97,0
9,69,0
1,52,0
8,93,0
8,65,0
8,67,0
6,48,0
2,53,0
8,79,0
1,86,0
7,55,0
5,68,0
4,86,0
1,55,0
8,31,0
3,51,0
3,77,0
2,91,0
3,79,0
2,8,0
4,73,0
9,44,0
6,5,0
8,81,0
2,17,0
4,3,0
5,90,0
3,71,0
6,94,0
7,32,0
6,12,0
7,98,0
4,95,0
2,32,0
8,50,0
4,96,0
8,93,0
6,30,0
3,63,0
8,88,0
2,44,0
7,74,0
8,15,0
8,3,0
1,46,0
5,54,0
2,51,0
3,34,0
2,73,0
1,47,0
4,23,0
2,5,0
8,25,0
2,68,0
6,62,0
5,74,0
8,65,0
3,79,0
5,31,0
7,97,0
2,1,0
9,36,0
2,53,0
8,90,0
