s_j,p_j,d_j
4,59,0
5,59,0
2,41,0
3,42,0
3,45,0
7,67,0
8,21,0
5,41,0
3,76,0
2,59,0
1,31,0
6,46,0
9,76,0
4,26,0
3,97,0
9,19,0
6,60,0
2,81,0
9,67,0
9,84,0
7,31,0
5,77,0
6,14,0
6,60,0
5,55,0
6,72,0
9,87,0
4,79,0
2,20,0
3,77,0
7,20,0
1,2,0
5,15,0
7,12,0
5,30,0
6,38,0
1,14,0
4,26,0
4,98,0
6,49,0
4,11,0
7,98,0
1,34,0
2,74,0
9,48,0
4,39,0
7,42,0
2,54,0
3,11,0
4,43,0
9,19,0
1,10,0
9,80,0
2,92,0
2,38,0
1,87,0
4,16,0
6,94,0
2,56,0
9,58,0
1,22,0
2,90,0
1,9,0
8,49,0
1,14,0
5,63,0
6,88,0
1,78,0
9,39,0
8,19,0
6,53,0
5,31,0
6,24,0
2,54,0
1,38,0
1,92,0
7,41,0
4,39,0
3,36,0
4,48,0
8,77,0
3,27,0
7,38,0
2,75,0
2,75,0
1,51,0
9,58,0
9,95,0
7,11,0
5,10,0
