s_j,p_j,d_j
3,95,0
1,3,0
1,38,0
8,33,0
7,4,0
9,79,0
6,95,0
5,67,0
6,25,0
4,56,0
6,92,0
5,13,0
9,41,0
3,10,0
6,81,0
6,85,0
4,9,0
1,97,0
5,29,0
9,39,0
9,65,0
9,97,0
4,60,0
3,33,0
1,50,0
4,89,0
2,5,0
4,26,0
1,9,0
7,84,0
4,18,0
9,16,0
5,87,0
9,26,0
7,93,0
8,20,0
1,66,0
1,26,0
3,51,0
2,61,0
5,53,0
6,27,0
1,43,0
6,11,0
7,59,0
3,45,0
5,54,0
2,45,0
6,15,0
3,55,0
8,41,0
7,60,0
3,68,0
1,71,0
8,10,0
1,74,0
2,40,0
4,85,0
6,59,0
5,43,0
1,2,0
1,61,0
1,66,0
4,46,0
1,9,0
5,3,0
4,41,0
9,60,0
7,51,0
9,16,0
5,79,0
5,32,0
9,59,0
9,13,0
3,51,0
6,74,0
8,42,0
8,34,0
5,74,0
4,92,0
8,89,0
8,34,0
5,95,0
9,78,0
2,20,0
3,84,0
2,36,0
8,39,0
2,38,0
7,32,0
