s_j,p_j,d_j
3,28,0
4,54,0
5,21,0
9,8,0
6,10,0
1,12,0
8,96,0
3,44,0
7,77,0
6,47,0
5,19,0
6,11,0
9,20,0
9,87,0
5,41,0
5,15,0
6,69,0
9,13,0
1,92,0
8,57,0
7,1,0
6,89,0
9,43,0
4,79,0
5,11,0
6,79,0
7,66,0
1,90,0
4,18,0
7,91,0
2,65,0
2,69,0
2,5,0
9,17,0
1,7,0
7,61,0
2,96,0
3,39,0
4,32,0
8,9,0
5,60,0
5,8,0
8,36,0
6,70,0
6,93,0
9,47,0
2,47,0
3,48,0
4,18,0
2,54,0
7,54,0
3,35,0
2,16,0
8,38,0
2,12,0
6,27,0
5,2,0
2,33,0
8,63,0
1,22,0
9,89,0
5,88,0
1,90,0
2,45,0
6,34,0
1,4,0
1,36,0
3,74,0
3,82,0
5,42,0
