s_j,p_j,d_j
5,71,0
1,24,0
5,42,0
4,43,0
8,42,0
8,47,0
5,20,0
9,59,0
1,27,0
3,36,0
2,47,0
7,85,0
4,4,0
9,64,0
1,56,0
8,44,0
8,77,0
7,1,0
6,64,0
2,2,0
3,47,0
8,77,0
2,87,0
3,4,0
3,7,0
5,94,0
1,44,0
5,19,0
7,73,0
3,64,0
4,4,0
4,16,0
7,94,0
8,16,0
6,90,0
8,23,0
3,75,0
2,73,0
1,20,0
7,30,0
9,14,0
1,15,0
2,79,0
5,39,0
2,48,0
5,55,0
6,10,0
8,84,0
9,48,0
6,5,0
7,34,0
5,6,0
3,75,0
6,87,0
9,64,0
7,81,0
5,30,0
4,35,0
6,14,0
1,27,0
7,69,0
7,21,0
2,97,0
8,91,0
9,54,0
6,90,0
3,48,0
4,33,0
7,92,0
8,53,0
1,3,0
2,73,0
4,38,0
5,23,0
2,68,0
8,31,0
3,45,0
3,91,0
9,3,0
4,5,0
