s_j,p_j,d_j
2,36,0
6,51,0
7,44,0
6,67,0
8,80,0
2,49,0
7,69,0
8,81,0
5,44,0
9,3,0
4,19,0
1,68,0
2,7,0
6,12,0
9,55,0
1,29,0
3,84,0
1,79,0
3,98,0
1,49,0
9,33,0
2,71,0
4,51,0
4,93,0
5,30,0
4,3,0
2,2,0
2,93,0
2,4,0
6,77,0
9,21,0
6,47,0
5,97,0
6,39,0
4,44,0
7,31,0
1,36,0
4,20,0
4,86,0
3,75,0
3,57,0
4,35,0
7,22,0
5,3,0
4,83,0
6,52,0
8,65,0
3,59,0
3,10,0
9,96,0
2,74,0
2,98,0
6,1,0
9,14,0
4,79,0
8,13,0
9,72,0
2,3,0
2,73,0
8,71,0
1,7,0
3,78,0
8,79,0
9,86,0
8,36,0
1,13,0
6,28,0
9,37,0
8,88,0
3,37,0
