s_j,p_j,d_j
7,86,0
5,78,0
4,8,0
1,77,0
2,73,0
9,90,0
7,47,0
4,38,0
4,2,0
4,74,0
1,98,0
9,41,0
1,29,0
6,14,0
4,76,0
2,6,0
2,12,0
4,68,0
1,65,0
8,28,0
5,61,0
7,14,0
7,87,0
6,72,0
5,2,0
8,66,0
8,33,0
1,75,0
8,40,0
2,25,0
2,53,0
8,64,0
2,61,0
4,25,0
3,2,0
9,27,0
7,84,0
7,80,0
4,1,0
2,13,0
6,53,0
6,16,0
6,68,0
3,17,0
6,41,0
9,44,0
6,75,0
6,19,0
2,65,0
2,78,0
9,64,0
1,56,0
6,55,0
5,74,0
8,46,0
9,91,0
4,33,0
8,91,0
6,95,0
8,39,0
2,17,0
1,51,0
7,12,0
7,46,0
3,21,0
1,51,0
3,23,0
3,96,0
3,39,0
2,42,0
7,85,0
1,21,0
8,39,0
8,16,0
3,54,0
3,77,0
7,27,0
4,92,0
4,34,0
4,57,0
9,80,0
4,86,0
3,64,0
2,91,0
6,80,0
5,13,0
1,28,0
7,33,0
2,74,0
1,84,0
