s_j,p_j,d_j
6,61,0
1,24,0
9,33,0
3,10,0
3,14,0
3,84,0
2,59,0
8,22,0
2,37,0
5,44,0
6,39,0
8,33,0
3,41,0
2,16,0
1,5,0
1,1,0
6,90,0
3,34,0
5,78,0
8,23,0
6,62,0
8,49,0
7,40,0
8,33,0
3,10,0
9,65,0
6,77,0
9,88,0
1,79,0
7,19,0
1,98,0
2,81,0
8,8,0
4,68,0
9,33,0
9,87,0
5,74,0
1,34,0
4,35,0
9,23,0
2,3,0
2,89,0
3,58,0
7,93,0
9,80,0
5,93,0
9,23,0
1,39,0
7,59,0
6,5,0
2,5,0
8,17,0
4,55,0
4,88,0
2,27,0
4,76,0
1,80,0
8,25,0
4,66,0
3,86,0
4,31,0
2,73,0
9,65,0
2,74,0
1,48,0
8,34,0
3,7,0
8,24,0
9,59,0
5,78,0
8,18,0
7,24,0
4,9,0
7,18,0
4,71,0
2,39,0
7,34,0
8,35,0
3,63,0
2,56,0
2,88,0
6,47,0
5,27,0
6,92,0
7,95,0
6,64,0
1,85,0
8,16,0
1,52,0
4,57,0
