s_j,p_j,d_j
8,84,0
9,25,0
8,98,0
4,49,0
8,81,0
3,26,0
7,17,0
7,84,0
6,75,0
7,65,0
9,79,0
6,18,0
4,42,0
8,35,0
5,35,0
1,22,0
4,66,0
2,38,0
9,44,0
5,98,0
7,20,0
6,77,0
7,51,0
8,39,0
3,26,0
9,82,0
7,69,0
8,82,0
9,49,0
7,26,0
9,48,0
1,94,0
1,43,0
8,88,0
1,42,0
6,17,0
4,44,0
6,31,0
6,37,0
3,93,0
8,15,0
7,70,0
6,66,0
5,55,0
5,88,0
9,67,0
9,82,0
3,84,0
8,65,0
1,18,0
8,44,0
5,30,0
5,20,0
2,48,0
3,87,0
8,32,0
8,1,0
1,12,0
1,61,0
7,41,0
1,9,0
2,25,0
7,60,0
7,84,0
8,14,0
9,40,0
5,54,0
2,22,0
2,44,0
5,47,0
