s_j,p_j,d_j
4,92,0
5,54,0
7,14,0
1,79,0
5,49,0
6,68,0
7,37,0
9,76,0
8,28,0
9,82,0
5,36,0
8,85,0
8,60,0
1,41,0
1,9,0
4,44,0
1,80,0
6,17,0
3,73,0
1,52,0
4,72,0
6,22,0
3,81,0
5,60,0
3,71,0
5,51,0
5,33,0
8,10,0
1,93,0
5,49,0
7,85,0
7,57,0
9,22,0
4,91,0
3,74,0
8,6,0
1,5,0
9,31,0
3,1,0
5,38,0
4,11,0
6,8,0
7,70,0
7,89,0
8,38,0
1,85,0
6,58,0
9,97,0
4,29,0
5,43,0
3,20,0
5,32,0
3,84,0
6,86,0
9,81,0
7,32,0
9,79,0
9,72,0
1,92,0
5,9,0
4,53,0
7,27,0
7,37,0
2,34,0
1,86,0
6,82,0
9,70,0
1,18,0
4,59,0
3,85,0
8,64,0
1,9,0
6,90,0
8,85,0
7,88,0
4,69,0
1,93,0
7,65,0
7,88,0
8,41,0
4,76,0
9,92,0
7,76,0
6,77,0
1,17,0
4,49,0
6,67,0
8,58,0
9,84,0
3,62,0
