s_j,p_j,d_j
5,13,0
3,6,0
2,64,0
1,90,0
3,20,0
1,72,0
7,79,0
1,10,0
5,47,0
1,64,0
6,89,0
1,17,0
9,76,0
2,75,0
5,24,0
2,78,0
1,51,0
1,61,0
2,35,0
4,93,0
3,98,0
8,44,0
4,29,0
5,51,0
4,68,0
2,65,0
5,15,0
2,61,0
9,50,0
5,24,0
1,73,0
7,25,0
3,33,0
5,20,0
8,43,0
7,91,0
1,86,0
5,16,0
7,77,0
5,69,0
6,66,0
9,29,0
1,6,0
5,12,0
6,9,0
9,5,0
9,13,0
4,26,0
2,55,0
6,92,0
7,54,0
8,78,0
1,84,0
3,60,0
1,9,0
2,79,0
3,61,0
2,64,0
7,19,0
8,93,0
8,81,0
1,15,0
4,45,0
7,91,0
4,79,0
5,67,0
2,32,0
3,1,0
8,18,0
6,76,0
