s_j,p_j,d_j
6,60,0
9,85,0
7,88,0
1,47,0
7,90,0
5,96,0
1,32,0
7,98,0
9,8,0
8,25,0
7,42,0
6,84,0
5,25,0
7,82,0
4,68,0
7,89,0
6,54,0
5,33,0
6,87,0
5,21,0
7,69,0
3,23,0
5,28,0
6,18,0
5,43,0
6,33,0
9,3,0
3,35,0
5,46,0
6,71,0
8,6,0
9,48,0
9,37,0
4,16,0
8,12,0
8,14,0
2,41,0
2,44,0
6,85,0
4,9,0
2,17,0
4,95,0
8,39,0
2,58,0
9,33,0
8,38,0
7,72,0
2,74,0
8,9,0
1,56,0
6,39,0
2,75,0
7,19,0
4,83,0
3,51,0
8,39,0
6,97,0
8,10,0
1,59,0
9,56,0
2,52,0
5,44,0
5,34,0
4,53,0
6,55,0
6,28,0
8,97,0
2,19,0
9,61,0
1,32,0
7,61,0
5,12,0
8,23,0
9,16,0
2,18,0
4,95,0
9,56,0
3,84,0
3,13,0
7,11,0
