s_j,p_j,d_j
8,90,0
3,61,0
3,89,0
3,85,0
3,10,0
7,13,0
3,8,0
1,34,0
5,19,0
9,60,0
3,57,0
7,41,0
3,72,0
9,23,0
6,85,0
9,96,0
2,73,0
6,45,0
1,61,0
8,5,0
3,29,0
8,22,0
4,61,0
8,29,0
6,79,0
2,87,0
7,9,0
8,60,0
8,86,0
5,53,0
7,49,0
4,71,0
1,19,0
1,1,0
5,94,0
5,14,0
6,12,0
9,5,0
4,13,0
8,27,0
4,12,0
4,51,0
3,28,0
1,61,0
9,96,0
5,3,0
6,70,0
8,10,0
4,12,0
5,32,0
3,48,0
9,5,0
2,89,0
5,40,0
1,4,0
8,11,0
6,19,0
9,74,0
3,48,0
5,51,0
3,96,0
2,42,0
7,85,0
8,71,0
6,68,0
9,13,0
2,17,0
7,52,0
2,29,0
9,96,0
