s_j,p_j,d_j
7,16,0
3,39,0
2,50,0
1,68,0
8,20,0
8,75,0
8,34,0
1,74,0
7,82,0
7,17,0
5,52,0
2,7,0
5,24,0
9,17,0
7,57,0
4,98,0
7,83,0
4,82,0
1,61,0
9,39,0
6,41,0
3,76,0
6,98,0
8,88,0
1,3,0
8,77,0
9,55,0
7,54,0
4,65,0
8,34,0
4,41,0
7,35,0
3,70,0
2,16,0
5,38,0
3,27,0
9,85,0
7,98,0
6,3,0
6,13,0
8,1,0
4,83,0
9,96,0
1,89,0
7,74,0
4,58,0
2,97,0
5,48,0
1,27,0
2,5,0
5,35,0
6,18,0
9,61,0
3,56,0
2,87,0
6,41,0
5,20,0
9,52,0
1,39,0
8,74,0
8,66,0
2,48,0
4,34,0
9,50,0
2,12,0
3,50,0
2,86,0
2,88,0
4,18,0
6,80,0
9,8,0
4,11,0
5,64,0
7,10,0
2,63,0
4,31,0
2,53,0
4,46,0
8,66,0
5,89,0
