s_j,p_j,d_j
6,19,0
2,71,0
4,37,0
6,48,0
2,77,0
1,40,0
1,40,0
7,67,0
5,24,0
9,3,0
4,54,0
7,94,0
9,58,0
1,38,0
6,63,0
5,15,0
2,98,0
6,59,0
3,22,0
5,66,0
1,98,0
3,84,0
3,36,0
7,14,0
8,29,0
5,36,0
1,6,0
2,55,0
7,59,0
8,80,0
9,6,0
7,85,0
7,93,0
4,60,0
6,85,0
3,11,0
1,85,0
9,73,0
6,20,0
5,80,0
9,17,0
2,32,0
1,22,0
8,89,0
5,15,0
5,41,0
7,16,0
1,65,0
6,90,0
2,50,0
9,49,0
8,42,0
2,74,0
5,29,0
3,26,0
2,50,0
4,93,0
6,70,0
4,17,0
7,61,0
8,66,0
8,21,0
9,83,0
6,48,0
8,59,0
4,64,0
2,40,0
8,25,0
7,65,0
5,23,0
6,44,0
7,35,0
7,62,0
8,89,0
7,26,0
6,8,0
5,73,0
9,80,0
2,90,0
4,53,0
