s_j,p_j,d_j
4,63,0
2,28,0
8,21,0
7,97,0
7,89,0
3,30,0
6,78,0
9,25,0
2,14,0
4,12,0
3,2,0
4,12,0
9,90,0
7,21,0
6,64,0
5,22,0
5,68,0
4,36,0
3,75,0
8,1,0
8,94,0
5,84,0
7,57,0
9,59,0
5,16,0
8,43,0
3,73,0
7,17,0
2,43,0
6,10,0
2,37,0
7,6,0
2,84,0
7,94,0
7,11,0
9,57,0
7,90,0
4,63,0
2,3,0
1,28,0
2,28,0
2,68,0
4,10,0
5,42,0
8,31,0
1,34,0
7,81,0
5,3,0
2,45,0
2,65,0
3,98,0
7,15,0
3,55,0
4,46,0
3,47,0
3,38,0
9,93,0
5,55,0
6,50,0
5,83,0
3,55,0
2,5,0
3,54,0
1,57,0
3,38,0
9,58,0
4,79,0
2,37,0
6,50,0
5,47,0
3,16,0
3,85,0
7,78,0
9,96,0
4,98,0
1,78,0
5,63,0
5,33,0
3,29,0
7,23,0
