s_j,p_j,d_j
3,68,0
5,4,0
9,46,0
3,46,0
3,46,0
6,31,0
1,10,0
1,79,0
5,35,0
2,41,0
3,81,0
9,18,0
8,95,0
1,98,0
2,98,0
7,44,0
1,87,0
7,27,0
7,30,0
5,27,0
5,81,0
8,95,0
8,77,0
3,34,0
5,81,0
9,34,0
3,79,0
7,18,0
4,53,0
5,35,0
6,89,0
6,70,0
5,5,0
3,95,0
2,35,0
2,10,0
7,92,0
8,6,0
7,48,0
2,37,0
3,92,0
1,19,0
6,35,0
3,36,0
9,13,0
7,27,0
8,80,0
4,29,0
6,28,0
2,74,0
9,88,0
8,92,0
6,48,0
3,66,0
9,55,0
5,6,0
3,23,0
3,63,0
1,53,0
8,72,0
4,47,0
9,28,0
2,15,0
1,52,0
3,64,0
2,5,0
4,40,0
2,4,0
5,65,0
6,74,0
9,64,0
3,49,0
8,79,0
6,63,0
5,49,0
2,8,0
3,29,0
7,4,0
7,52,0
9,94,0
