s_j,p_j,d_j
5,9,0
2,85,0
6,57,0
4,63,0
5,83,0
9,30,0
2,59,0
2,36,0
1,7,0
7,84,0
8,15,0
9,64,0
6,95,0
1,32,0
9,4,0
5,41,0
2,15,0
3,16,0
4,46,0
5,23,0
9,42,0
9,10,0
2,93,0
7,10,0
1,81,0
6,46,0
9,90,0
5,76,0
9,70,0
3,97,0
8,35,0
5,58,0
1,47,0
6,72,0
1,55,0
4,97,0
7,68,0
7,13,0
2,13,0
8,84,0
6,11,0
5,93,0
6,11,0
7,43,0
4,60,0
3,92,0
7,39,0
1,15,0
1,4,0
1,41,0
4,9,0
8,50,0
4,85,0
1,73,0
2,21,0
6,74,0
2,76,0
7,22,0
3,11,0
6,35,0
1,76,0
6,14,0
8,9,0
9,65,0
5,57,0
5,81,0
4,72,0
8,87,0
2,67,0
4,33,0
1,87,0
5,24,0
2,20,0
9,8,0
3,19,0
4,88,0
2,41,0
8,22,0
1,15,0
5,22,0
