s_j,p_j,d_j
5,10,0
7,41,0
9,29,0
4,53,0
1,70,0
6,7,0
3,20,0
8,39,0
2,42,0
4,25,0
4,68,0
4,48,0
5,34,0
8,20,0
4,71,0
4,94,0
2,75,0
3,35,0
3,47,0
8,76,0
4,69,0
2,15,0
4,28,0
1,76,0
1,92,0
4,34,0
2,78,0
6,12,0
8,35,0
6,48,0
7,74,0
5,93,0
6,91,0
5,32,0
8,50,0
2,8,0
8,30,0
5,3,0
5,98,0
8,72,0
6,3,0
5,18,0
7,42,0
8,35,0
7,37,0
9,28,0
6,38,0
2,93,0
9,93,0
9,77,0
2,93,0
7,9,0
8,20,0
4,89,0
3,21,0
3,24,0
8,20,0
4,81,0
5,1,0
1,65,0
7,98,0
5,21,0
3,9,0
1,37,0
9,14,0
8,54,0
5,79,0
2,52,0
3,62,0
5,86,0
4,5,0
4,67,0
6,62,0
5,66,0
3,83,0
2,95,0
2,15,0
2,12,0
9,21,0
2,94,0
