s_j,p_j,d_j
9,78,0
9,68,0
4,55,0
1,32,0
2,85,0
5,3,0
1,77,0
7,95,0
1,82,0
4,76,0
3,48,0
9,75,0
4,5,0
6,54,0
1,76,0
4,75,0
4,78,0
4,45,0
9,13,0
2,10,0
2,81,0
5,82,0
3,82,0
6,93,0
7,16,0
7,56,0
7,97,0
1,94,0
7,94,0
9,88,0
4,43,0
4,56,0
7,34,0
4,14,0
7,76,0
1,54,0
4,65,0
3,13,0
3,20,0
4,30,0
1,59,0
6,89,0
1,10,0
1,16,0
8,31,0
9,36,0
3,79,0
8,56,0
6,94,0
7,83,0
1,2,0
1,80,0
2,87,0
3,50,0
2,71,0
5,36,0
6,67,0
8,6,0
1,36,0
6,55,0
9,85,0
4,26,0
4,7,0
5,45,0
8,61,0
9,88,0
8,98,0
2,49,0
4,30,0
7,73,0
6,79,0
3,68,0
8,33,0
2,16,0
9,95,0
1,79,0
5,43,0
3,74,0
7,75,0
4,90,0
1,38,0
6,51,0
6,56,0
5,76,0
9,1,0
1,11,0
4,4,0
1,52,0
1,39,0
9,44,0
