s_j,p_j,d_j
4,48,0
6,65,0
2,89,0
4,9,0
5,80,0
4,6,0
7,82,0
4,14,0
8,21,0
8,6,0
5,52,0
9,33,0
4,84,0
1,90,0
8,44,0
5,86,0
3,7,0
3,77,0
1,77,0
6,87,0
9,36,0
4,55,0
3,28,0
8,72,0
7,81,0
9,54,0
3,24,0
4,92,0
2,36,0
9,70,0
5,47,0
3,55,0
3,45,0
6,46,0
1,63,0
3,13,0
7,44,0
7,96,0
4,92,0
6,11,0
4,92,0
2,79,0
1,90,0
3,92,0
6,60,0
9,85,0
1,12,0
2,9,0
7,12,0
9,42,0
7,3,0
4,2,0
7,25,0
1,4,0
9,29,0
2,21,0
2,64,0
7,22,0
8,62,0
9,62,0
2,47,0
2,72,0
3,65,0
1,46,0
1,30,0
9,23,0
1,34,0
6,77,0
5,87,0
7,24,0
5,60,0
6,91,0
4,34,0
4,16,0
9,85,0
1,72,0
9,85,0
5,44,0
4,79,0
2,40,0
