s_j,p_j,d_j
9,55,0
3,21,0
5,33,0
6,35,0
2,13,0
1,83,0
7,4,0
4,96,0
3,54,0
1,24,0
1,37,0
8,74,0
5,80,0
4,81,0
3,33,0
7,86,0
2,88,0
9,15,0
6,16,0
8,23,0
1,89,0
7,3,0
7,14,0
4,28,0
1,10,0
7,67,0
8,54,0
1,23,0
6,67,0
6,64,0
3,64,0
3,47,0
8,62,0
6,24,0
9,63,0
1,32,0
2,71,0
1,90,0
6,78,0
2,78,0
9,86,0
7,2,0
1,93,0
7,7,0
9,37,0
1,64,0
6,62,0
1,72,0
9,42,0
8,83,0
2,67,0
7,20,0
2,53,0
1,69,0
3,16,0
2,39,0
3,10,0
6,41,0
4,52,0
3,21,0
7,19,0
9,19,0
7,11,0
5,41,0
6,95,0
1,67,0
2,40,0
5,71,0
1,90,0
3,22,0
9,76,0
1,46,0
5,17,0
9,92,0
2,79,0
1,10,0
6,35,0
5,36,0
5,35,0
1,14,0
3,23,0
5,26,0
3,6,0
7,97,0
2,98,0
3,76,0
7,16,0
1,83,0
1,93,0
8,81,0
