s_j,p_j,d_j
9,85,0
3,68,0
1,45,0
6,55,0
8,88,0
6,98,0
3,86,0
8,62,0
5,84,0
7,93,0
4,19,0
5,40,0
6,18,0
2,38,0
1,73,0
1,17,0
1,56,0
5,45,0
7,57,0
6,91,0
7,67,0
3,83,0
7,77,0
7,76,0
2,51,0
5,43,0
4,1,0
9,5,0
3,35,0
2,62,0
5,10,0
6,52,0
3,33,0
2,27,0
6,26,0
9,70,0
4,95,0
4,29,0
6,57,0
5,37,0
7,37,0
2,37,0
8,20,0
6,2,0
4,7,0
8,54,0
6,63,0
3,41,0
7,53,0
1,76,0
3,80,0
7,20,0
5,16,0
3,44,0
7,86,0
2,11,0
3,85,0
7,14,0
8,17,0
6,52,0
3,11,0
3,71,0
9,10,0
9,10,0
7,56,0
7,11,0
8,7,0
5,41,0
7,23,0
9,51,0
6,52,0
8,50,0
3,28,0
2,12,0
3,78,0
9,59,0
8,51,0
1,15,0
9,85,0
9,17,0
