s_j,p_j,d_j
1,74,0
7,24,0
9,47,0
2,36,0
4,88,0
9,80,0
6,46,0
7,39,0
6,47,0
6,45,0
6,98,0
7,7,0
3,22,0
8,77,0
2,74,0
6,55,0
8,92,0
8,40,0
6,49,0
5,22,0
8,63,0
2,54,0
2,25,0
9,44,0
5,30,0
4,16,0
4,77,0
5,41,0
8,67,0
1,42,0
4,86,0
8,65,0
2,57,0
3,82,0
9,79,0
1,69,0
1,33,0
1,57,0
9,26,0
3,81,0
7,25,0
8,29,0
1,88,0
7,59,0
1,17,0
8,94,0
5,91,0
8,94,0
3,27,0
8,48,0
1,16,0
9,4,0
2,7,0
5,88,0
3,86,0
1,44,0
3,68,0
1,98,0
4,53,0
9,90,0
4,13,0
7,41,0
4,78,0
4,80,0
8,23,0
6,19,0
4,90,0
9,9,0
6,81,0
2,49,0
