s_j,p_j,d_j
2,50,0
9,18,0
9,27,0
2,84,0
9,97,0
1,64,0
8,79,0
1,22,0
5,53,0
2,17,0
6,88,0
4,7,0
6,12,0
3,61,0
5,55,0
9,67,0
2,10,0
5,79,0
2,98,0
8,61,0
9,55,0
4,16,0
5,86,0
5,14,0
7,85,0
4,28,0
3,84,0
1,72,0
4,69,0
3,4,0
5,30,0
2,13,0
8,79,0
4,29,0
6,79,0
9,95,0
7,75,0
1,90,0
3,13,0
2,29,0
2,43,0
3,25,0
5,70,0
5,57,0
9,11,0
4,28,0
4,77,0
7,52,0
8,19,0
5,58,0
3,65,0
6,22,0
5,58,0
2,31,0
1,71,0
5,76,0
5,6,0
5,96,0
6,39,0
7,52,0
1,71,0
6,45,0
5,40,0
7,67,0
9,21,0
6,80,0
5,44,0
2,50,0
1,24,0
2,85,0
9,46,0
8,46,0
5,93,0
5,41,0
7,73,0
1,49,0
3,11,0
8,3,0
5,10,0
3,12,0
6,81,0
4,77,0
2,75,0
4,15,0
1,57,0
4,6,0
2,94,0
6,13,0
4,92,0
1,79,0
