s_j,p_j,d_j
5,38,0
4,7,0
5,81,0
8,86,0
8,81,0
9,10,0
6,9,0
5,4,0
4,70,0
2,65,0
9,59,0
5,6,0
6,86,0
1,10,0
1,13,0
3,5,0
2,15,0
7,27,0
2,38,0
6,12,0
2,97,0
2,11,0
2,85,0
1,58,0
8,49,0
9,85,0
6,43,0
3,40,0
7,40,0
2,25,0
5,12,0
7,83,0
5,18,0
5,83,0
7,12,0
4,51,0
8,90,0
3,31,0
5,63,0
6,46,0
8,54,0
3,76,0
2,88,0
8,67,0
9,89,0
3,81,0
2,35,0
8,53,0
1,38,0
9,60,0
4,11,0
6,66,0
6,84,0
7,23,0
1,71,0
4,45,0
2,16,0
6,56,0
8,36,0
9,5,0
5,5,0
9,22,0
2,42,0
2,3,0
1,50,0
8,88,0
3,16,0
8,5,0
2,17,0
3,50,0
5,21,0
7,75,0
8,13,0
9,35,0
3,75,0
7,74,0
1,4,0
5,12,0
8,95,0
4,27,0
