s_j,p_j,d_j
8,5,0
7,52,0
9,47,0
8,23,0
8,39,0
9,74,0
1,80,0
9,10,0
1,91,0
3,88,0
7,28,0
1,96,0
7,41,0
9,74,0
5,43,0
6,54,0
3,76,0
9,63,0
3,44,0
1,31,0
8,37,0
4,4,0
4,48,0
8,24,0
2,30,0
8,89,0
5,2,0
1,47,0
3,96,0
6,46,0
6,50,0
4,23,0
2,97,0
7,50,0
8,62,0
6,89,0
9,90,0
5,18,0
5,68,0
8,70,0
3,55,0
5,15,0
8,19,0
5,65,0
7,55,0
6,77,0
1,66,0
2,44,0
1,8,0
4,65,0
3,85,0
5,22,0
7,32,0
3,83,0
4,82,0
6,87,0
9,22,0
2,16,0
8,1,0
9,32,0
8,51,0
6,34,0
9,60,0
1,27,0
8,12,0
2,49,0
2,21,0
4,97,0
9,7,0
6,31,0
