s_j,p_j,d_j
9,25,0
3,1,0
6,98,0
7,55,0
6,44,0
9,62,0
3,77,0
7,3,0
7,12,0
6,93,0
7,74,0
4,17,0
1,61,0
6,33,0
4,67,0
6,10,0
2,18,0
5,35,0
4,71,0
6,93,0
1,87,0
4,54,0
1,66,0
9,35,0
7,50,0
7,97,0
9,33,0
2,28,0
4,9,0
3,38,0
2,28,0
5,93,0
1,51,0
7,53,0
7,56,0
1,5,0
7,85,0
2,35,0
1,82,0
6,42,0
8,86,0
4,60,0
1,62,0
8,79,0
5,6,0
1,51,0
8,38,0
2,6,0
5,67,0
5,15,0
5,56,0
3,59,0
5,23,0
2,76,0
7,13,0
1,13,0
9,58,0
7,15,0
7,94,0
8,34,0
7,93,0
4,34,0
6,35,0
9,78,0
9,21,0
7,90,0
7,18,0
7,19,0
4,94,0
6,59,0
9,96,0
3,24,0
1,17,0
2,61,0
8,31,0
3,79,0
6,4,0
1,71,0
4,21,0
5,20,0
7,30,0
3,65,0
3,14,0
6,65,0
5,19,0
7,20,0
4,76,0
2,58,0
8,69,0
9,14,0
