s_j,p_j,d_j
5,32,0
2,90,0
7,43,0
8,18,0
9,70,0
6,74,0
7,58,0
6,41,0
2,92,0
8,80,0
7,78,0
4,8,0
7,46,0
6,15,0
7,40,0
4,54,0
3,75,0
4,50,0
4,21,0
2,88,0
8,76,0
3,2,0
3,28,0
6,46,0
8,97,0
7,98,0
3,55,0
5,30,0
1,45,0
3,89,0
1,92,0
7,84,0
3,34,0
3,73,0
1,29,0
8,40,0
3,93,0
2,48,0
8,22,0
7,94,0
4,18,0
7,3,0
8,87,0
5,78,0
6,31,0
6,18,0
6,4,0
3,52,0
3,82,0
1,20,0
7,35,0
9,75,0
6,93,0
8,98,0
1,65,0
6,7,0
9,18,0
8,7,0
8,46,0
9,51,0
1,16,0
6,32,0
5,63,0
2,84,0
3,54,0
8,60,0
9,54,0
9,14,0
1,9,0
1,20,0
2,68,0
7,7,0
8,65,0
1,16,0
3,46,0
6,77,0
9,72,0
6,73,0
7,98,0
9,10,0
6,12,0
9,91,0
6,2,0
1,96,0
9,65,0
3,83,0
6,69,0
2,52,0
2,69,0
1,22,0
