s_j,p_j,d_j
1,26,0
9,62,0
8,61,0
5,34,0
8,79,0
3,83,0
4,80,0
9,42,0
5,8,0
3,10,0
8,78,0
3,16,0
2,97,0
6,3,0
2,82,0
7,59,0
5,36,0
6,79,0
6,4,0
8,39,0
7,87,0
1,88,0
2,43,0
3,12,0
1,8,0
5,24,0
5,53,0
3,7,0
3,1,0
9,65,0
1,81,0
1,96,0
9,87,0
7,36,0
7,69,0
4,19,0
4,94,0
8,28,0
4,74,0
5,75,0
2,58,0
8,91,0
1,25,0
4,36,0
1,13,0
1,85,0
7,60,0
6,37,0
1,10,0
6,76,0
2,35,0
4,43,0
6,16,0
4,59,0
2,81,0
7,32,0
4,13,0
2,91,0
2,27,0
9,56,0
3,45,0
1,17,0
1,37,0
3,20,0
2,93,0
8,37,0
1,83,0
1,19,0
9,38,0
7,40,0
3,11,0
8,3,0
2,59,0
6,95,0
3,90,0
5,15,0
9,10,0
6,6,0
5,58,0
3,61,0
2,4,0
8,58,0
6,48,0
2,48,0
5,12,0
7,67,0
6,64,0
1,14,0
1,5,0
5,70,0
