s_j,p_j,d_j
9,35,0
3,43,0
7,14,0
7,25,0
2,82,0
8,94,0
6,63,0
9,34,0
4,91,0
7,62,0
4,29,0
2,96,0
8,88,0
9,22,0
5,83,0
7,73,0
6,65,0
3,88,0
1,10,0
8,56,0
2,31,0
8,25,0
6,56,0
8,96,0
7,91,0
5,6,0
5,58,0
8,79,0
4,75,0
9,83,0
7,78,0
6,41,0
6,52,0
9,63,0
5,42,0
4,47,0
6,8,0
3,30,0
2,26,0
9,98,0
9,32,0
5,48,0
3,10,0
8,2,0
6,46,0
1,26,0
8,73,0
4,94,0
3,22,0
4,22,0
5,40,0
8,87,0
4,85,0
2,17,0
8,9,0
4,55,0
5,80,0
5,12,0
1,87,0
4,92,0
6,56,0
7,61,0
4,52,0
7,33,0
7,93,0
4,41,0
9,5,0
1,38,0
2,72,0
5,56,0
2,74,0
5,23,0
2,9,0
6,26,0
1,80,0
4,46,0
2,81,0
7,22,0
4,24,0
1,32,0
5,55,0
4,40,0
3,97,0
5,24,0
7,84,0
3,52,0
5,88,0
3,75,0
7,75,0
6,82,0
