s_j,p_j,d_j
9,61,0
6,5,0
1,25,0
3,93,0
7,34,0
8,7,0
2,26,0
7,43,0
5,56,0
3,3,0
4,90,0
4,78,0
8,10,0
2,36,0
7,69,0
9,94,0
8,63,0
7,96,0
6,29,0
6,59,0
6,67,0
9,36,0
9,6,0
2,81,0
2,95,0
6,83,0
8,58,0
2,97,0
9,15,0
9,31,0
6,4,0
4,12,0
3,3,0
7,10,0
3,28,0
1,55,0
6,2,0
8,46,0
4,64,0
5,83,0
2,93,0
1,19,0
5,47,0
5,24,0
1,18,0
7,26,0
3,48,0
7,53,0
6,55,0
1,64,0
6,70,0
8,3,0
8,57,0
9,43,0
8,54,0
4,41,0
5,87,0
1,96,0
3,9,0
8,91,0
7,79,0
7,38,0
2,1,0
5,68,0
6,67,0
3,52,0
6,8,0
2,4,0
2,27,0
9,43,0
3,47,0
5,19,0
1,31,0
3,52,0
5,75,0
3,51,0
1,50,0
9,9,0
6,5,0
9,79,0
6,88,0
9,7,0
8,73,0
1,15,0
5,31,0
9,90,0
7,48,0
9,66,0
7,43,0
5,58,0
