s_j,p_j,d_j
1,52,0
3,84,0
9,10,0
6,18,0
8,10,0
2,7,0
9,22,0
6,72,0
2,60,0
9,62,0
2,75,0
9,46,0
4,96,0
8,16,0
7,42,0
2,58,0
6,2,0
6,5,0
2,41,0
6,45,0
1,8,0
6,61,0
7,33,0
9,59,0
8,39,0
2,41,0
1,98,0
1,11,0
2,69,0
7,68,0
4,65,0
2,49,0
2,95,0
5,13,0
7,77,0
2,8,0
7,30,0
7,88,0
8,4,0
8,66,0
5,20,0
1,89,0
1,91,0
7,11,0
2,32,0
8,48,0
5,49,0
7,70,0
3,53,0
9,21,0
1,68,0
3,65,0
3,41,0
8,76,0
1,62,0
2,23,0
9,80,0
1,18,0
8,35,0
5,88,0
4,56,0
1,51,0
7,49,0
9,2,0
7,9,0
6,27,0
3,36,0
4,47,0
9,24,0
9,29,0
