s_j,p_j,d_j
2,42,0
8,43,0
8,96,0
5,54,0
3,84,0
8,65,0
2,62,0
6,24,0
8,28,0
9,84,0
8,34,0
5,94,0
5,89,0
4,37,0
3,10,0
7,98,0
1,34,0
8,75,0
8,60,0
5,27,0
5,96,0
8,10,0
4,16,0
9,8,0
7,55,0
2,51,0
8,59,0
5,7,0
9,81,0
4,96,0
1,69,0
7,66,0
7,50,0
4,87,0
5,65,0
7,10,0
1,34,0
8,79,0
5,65,0
1,69,0
5,47,0
6,86,0
6,10,0
2,19,0
8,83,0
2,27,0
5,32,0
8,9,0
6,94,0
1,80,0
7,74,0
7,52,0
6,87,0
2,68,0
7,60,0
2,76,0
9,70,0
5,16,0
2,37,0
8,28,0
2,52,0
9,83,0
2,46,0
4,75,0
6,35,0
3,18,0
9,52,0
6,44,0
1,78,0
5,24,0
4,76,0
6,50,0
4,7,0
4,61,0
5,10,0
7,54,0
4,43,0
5,64,0
3,78,0
4,53,0
