s_j,p_j,d_j
6,18,0
8,8,0
5,8,0
2,40,0
9,77,0
3,73,0
8,50,0
6,80,0
6,25,0
1,4,0
3,96,0
1,78,0
7,28,0
2,3,0
3,73,0
3,27,0
2,56,0
5,4,0
9,72,0
1,66,0
4,90,0
9,94,0
3,79,0
8,36,0
6,62,0
3,75,0
2,51,0
1,54,0
7,18,0
9,85,0
3,73,0
2,4,0
6,68,0
5,42,0
1,80,0
6,3,0
5,33,0
7,51,0
6,12,0
9,29,0
9,3,0
7,56,0
2,66,0
1,82,0
1,93,0
9,58,0
4,24,0
2,84,0
9,79,0
4,24,0
8,62,0
7,82,0
9,25,0
8,3,0
2,45,0
9,83,0
6,87,0
7,1,0
8,57,0
7,49,0
5,19,0
9,96,0
2,3,0
6,45,0
9,63,0
4,52,0
2,85,0
4,85,0
5,65,0
7,98,0
3,52,0
6,94,0
3,26,0
3,26,0
8,80,0
4,21,0
5,43,0
7,20,0
5,75,0
8,50,0
