s_j,p_j,d_j
2,17,0
2,32,0
4,43,0
5,90,0
7,73,0
7,58,0
8,49,0
7,95,0
4,46,0
5,97,0
1,21,0
5,43,0
3,92,0
9,63,0
6,4,0
6,68,0
7,13,0
4,40,0
4,21,0
4,12,0
6,85,0
2,3,0
6,65,0
6,88,0
9,3,0
5,69,0
5,3,0
5,32,0
3,18,0
9,45,0
9,17,0
6,67,0
1,13,0
4,2,0
8,39,0
9,9,0
4,5,0
4,69,0
2,91,0
9,87,0
7,20,0
8,83,0
2,51,0
9,33,0
7,44,0
1,66,0
7,5,0
8,1,0
9,75,0
7,97,0
5,33,0
7,9,0
2,71,0
5,72,0
3,5,0
4,51,0
7,88,0
7,6,0
8,30,0
6,22,0
1,67,0
5,46,0
9,55,0
2,43,0
5,54,0
5,11,0
8,58,0
1,73,0
8,91,0
4,53,0
2,95,0
7,68,0
9,38,0
9,17,0
4,96,0
6,53,0
3,97,0
1,33,0
8,70,0
2,73,0
