s_j,p_j,d_j
4,1,0
1,33,0
6,5,0
8,67,0
2,50,0
1,42,0
3,93,0
3,82,0
6,16,0
7,72,0
5,51,0
9,49,0
1,36,0
3,58,0
1,4,0
4,23,0
5,21,0
5,18,0
9,82,0
7,95,0
6,2,0
9,72,0
2,73,0
3,3,0
6,72,0
8,46,0
3,95,0
7,57,0
8,31,0
9,35,0
6,84,0
4,10,0
9,83,0
1,8,0
9,35,0
9,37,0
5,33,0
2,6,0
5,28,0
9,14,0
4,60,0
1,62,0
4,49,0
7,49,0
9,38,0
2,25,0
2,85,0
7,29,0
5,77,0
3,59,0
4,39,0
2,19,0
2,94,0
4,77,0
5,69,0
6,32,0
8,35,0
8,29,0
7,41,0
9,9,0
9,61,0
3,28,0
3,22,0
7,32,0
7,47,0
7,34,0
1,89,0
1,85,0
3,11,0
7,70,0
