s_j,p_j,d_j
5,66,0
3,15,0
9,87,0
6,29,0
3,27,0
9,5,0
4,69,0
6,96,0
7,79,0
2,6,0
4,2,0
6,3,0
4,84,0
4,50,0
5,95,0
1,5,0
7,32,0
2,4,0
8,92,0
6,62,0
2,29,0
5,92,0
7,69,0
3,39,0
3,42,0
3,81,0
8,58,0
3,62,0
9,17,0
7,20,0
9,63,0
2,31,0
1,34,0
4,79,0
1,55,0
9,45,0
6,24,0
9,15,0
5,24,0
1,54,0
2,27,0
1,19,0
7,13,0
9,21,0
4,15,0
5,46,0
2,74,0
1,5,0
9,87,0
8,70,0
1,55,0
1,82,0
5,69,0
7,83,0
1,74,0
9,70,0
4,77,0
4,66,0
6,12,0
3,36,0
4,45,0
7,6,0
9,30,0
6,38,0
1,10,0
2,74,0
2,80,0
9,81,0
8,64,0
9,49,0
