s_j,p_j,d_j
4,77,0
1,16,0
2,61,0
9,63,0
8,84,0
2,78,0
9,86,0
5,3,0
8,26,0
3,43,0
2,66,0
3,11,0
5,38,0
5,54,0
7,76,0
7,68,0
1,15,0
3,65,0
8,47,0
5,24,0
1,30,0
1,71,0
4,8,0
5,78,0
2,46,0
9,71,0
5,57,0
3,30,0
6,47,0
9,60,0
1,40,0
4,61,0
3,52,0
2,93,0
2,25,0
5,9,0
8,33,0
3,50,0
3,67,0
6,22,0
7,93,0
2,97,0
8,8,0
3,56,0
1,66,0
3,96,0
9,54,0
5,9,0
1,75,0
5,89,0
6,94,0
1,30,0
8,51,0
6,45,0
1,52,0
7,14,0
4,34,0
6,24,0
7,45,0
8,70,0
7,87,0
4,24,0
5,32,0
5,63,0
5,8,0
6,65,0
1,78,0
3,81,0
2,95,0
5,88,0
8,44,0
2,93,0
7,16,0
9,85,0
5,17,0
3,25,0
2,65,0
5,19,0
2,89,0
3,82,0
