s_j,p_j,d_j
9,73,0
8,40,0
9,10,0
4,88,0
2,37,0
3,45,0
8,76,0
8,83,0
4,17,0
7,17,0
4,35,0
5,24,0
6,89,0
3,45,0
7,94,0
9,32,0
3,98,0
3,31,0
9,41,0
8,61,0
3,53,0
3,50,0
1,40,0
6,84,0
7,38,0
9,48,0
1,28,0
2,26,0
6,1,0
3,73,0
5,10,0
4,87,0
8,88,0
3,23,0
6,49,0
3,69,0
7,62,0
4,87,0
2,73,0
5,62,0
2,29,0
3,2,0
9,70,0
7,96,0
9,40,0
5,37,0
5,79,0
6,17,0
4,45,0
8,3,0
1,13,0
2,56,0
1,18,0
9,16,0
5,36,0
3,61,0
9,11,0
6,58,0
6,22,0
9,76,0
2,7,0
5,48,0
3,5,0
2,25,0
6,1,0
5,84,0
8,57,0
6,3,0
5,77,0
3,52,0
5,4,0
3,35,0
3,30,0
1,28,0
1,73,0
9,45,0
2,98,0
6,52,0
5,15,0
2,35,0
1,59,0
5,17,0
7,13,0
9,95,0
1,93,0
3,92,0
4,79,0
8,19,0
9,29,0
7,54,0
