s_j,p_j,d_j
7,47,0
3,13,0
8,29,0
4,92,0
5,77,0
9,28,0
7,93,0
1,7,0
5,92,0
5,57,0
8,43,0
7,95,0
1,61,0
4,70,0
8,77,0
7,33,0
7,96,0
9,2,0
6,19,0
5,58,0
9,38,0
8,68,0
1,61,0
9,77,0
7,56,0
6,56,0
9,6,0
8,40,0
6,26,0
5,12,0
7,34,0
8,5,0
7,94,0
5,39,0
2,71,0
3,18,0
2,97,0
5,52,0
1,18,0
2,56,0
8,74,0
4,40,0
7,67,0
9,4,0
9,93,0
9,61,0
2,8,0
1,6,0
3,57,0
4,33,0
1,1,0
8,66,0
4,66,0
1,90,0
9,86,0
9,70,0
6,44,0
1,89,0
4,61,0
5,82,0
8,45,0
5,77,0
9,43,0
2,74,0
7,68,0
7,25,0
8,56,0
4,76,0
5,72,0
9,4,0
1,25,0
1,77,0
3,80,0
5,97,0
5,47,0
9,35,0
3,36,0
9,94,0
3,1,0
3,98,0
