s_j,p_j,d_j
9,95,0
9,54,0
2,81,0
1,20,0
6,60,0
9,78,0
4,81,0
3,73,0
4,18,0
7,75,0
7,39,0
7,71,0
4,11,0
4,24,0
9,20,0
7,25,0
6,2,0
6,50,0
8,78,0
5,59,0
1,74,0
2,83,0
8,87,0
9,48,0
4,98,0
8,10,0
8,54,0
3,36,0
5,63,0
4,29,0
1,28,0
1,8,0
3,12,0
9,91,0
4,76,0
4,67,0
3,89,0
9,86,0
7,7,0
7,11,0
7,80,0
2,96,0
3,36,0
2,38,0
2,17,0
3,51,0
8,34,0
7,59,0
3,57,0
4,6,0
3,36,0
5,91,0
4,51,0
3,94,0
6,56,0
6,23,0
5,98,0
6,33,0
3,25,0
8,49,0
1,33,0
7,79,0
3,26,0
3,87,0
8,67,0
1,2,0
8,74,0
6,8,0
2,49,0
6,97,0
9,63,0
5,2,0
3,69,0
4,31,0
6,59,0
6,28,0
3,9,0
2,62,0
7,66,0
7,24,0
