s_j,p_j,d_j
7,10,0
5,45,0
9,23,0
9,45,0
8,86,0
9,70,0
6,95,0
6,57,0
5,11,0
1,24,0
6,71,0
7,44,0
4,65,0
1,58,0
4,74,0
1,72,0
1,56,0
6,45,0
3,74,0
7,49,0
2,11,0
2,90,0
6,21,0
8,88,0
2,18,0
5,16,0
4,23,0
1,26,0
8,4,0
5,40,0
9,50,0
7,66,0
8,92,0
8,84,0
2,69,0
8,3,0
3,21,0
7,20,0
1,85,0
9,57,0
1,98,0
7,62,0
4,56,0
5,30,0
6,58,0
7,32,0
8,12,0
8,50,0
8,89,0
1,39,0
1,96,0
1,83,0
1,1,0
9,9,0
5,64,0
4,32,0
1,31,0
9,54,0
3,60,0
6,65,0
1,44,0
6,24,0
3,37,0
1,29,0
4,12,0
5,32,0
8,1,0
1,59,0
8,77,0
6,95,0
