s_j,p_j,d_j
5,62,0
4,34,0
1,75,0
7,4,0
1,9,0
5,53,0
8,91,0
5,16,0
4,45,0
6,25,0
7,56,0
4,83,0
2,36,0
5,75,0
8,28,0
8,2,0
9,74,0
6,92,0
9,49,0
5,74,0
6,67,0
4,6,0
5,91,0
8,64,0
7,16,0
9,23,0
3,29,0
2,24,0
2,34,0
8,66,0
8,41,0
3,34,0
9,80,0
9,49,0
8,63,0
5,72,0
4,8,0
5,44,0
4,74,0
7,70,0
5,62,0
1,22,0
3,60,0
9,16,0
9,21,0
4,75,0
6,32,0
3,53,0
2,81,0
8,43,0
2,27,0
8,88,0
1,20,0
8,19,0
6,15,0
8,26,0
8,76,0
3,41,0
7,97,0
7,66,0
3,84,0
7,63,0
9,23,0
4,3,0
9,30,0
6,60,0
2,76,0
9,72,0
5,80,0
8,14,0
1,1,0
6,95,0
8,86,0
2,73,0
1,31,0
7,73,0
9,55,0
2,77,0
5,9,0
7,39,0
