s_j,p_j,d_j
6,4,0
5,13,0
8,88,0
5,39,0
2,27,0
8,19,0
3,95,0
2,29,0
7,78,0
5,45,0
4,68,0
2,78,0
6,22,0
8,27,0
4,41,0
7,33,0
8,10,0
3,18,0
4,37,0
7,5,0
7,92,0
2,80,0
3,97,0
5,79,0
7,9,0
4,58,0
7,80,0
5,10,0
2,6,0
4,10,0
8,6,0
1,2,0
8,37,0
3,96,0
3,29,0
2,85,0
9,35,0
9,21,0
6,92,0
4,69,0
6,21,0
3,25,0
8,21,0
5,8,0
1,43,0
9,34,0
4,89,0
1,33,0
1,69,0
4,50,0
7,83,0
7,85,0
4,62,0
9,30,0
8,97,0
1,35,0
9,20,0
4,33,0
3,24,0
7,80,0
3,22,0
7,88,0
9,90,0
4,11,0
2,18,0
7,88,0
8,49,0
9,50,0
7,50,0
7,8,0
1,32,0
1,75,0
9,68,0
6,89,0
2,90,0
4,62,0
3,38,0
6,26,0
9,32,0
7,26,0
7,45,0
5,42,0
4,44,0
6,33,0
4,30,0
7,61,0
2,94,0
3,3,0
5,79,0
9,1,0
