s_j,p_j,d_j
2,73,0
7,56,0
8,15,0
5,23,0
5,98,0
3,81,0
1,97,0
1,36,0
7,35,0
6,53,0
7,95,0
6,70,0
5,73,0
7,54,0
8,40,0
3,10,0
4,39,0
6,20,0
4,89,0
2,86,0
6,92,0
2,59,0
4,28,0
7,28,0
4,83,0
8,33,0
3,80,0
9,81,0
1,9,0
8,94,0
4,61,0
8,86,0
3,20,0
9,68,0
6,94,0
2,16,0
1,54,0
7,7,0
8,10,0
1,24,0
6,73,0
3,97,0
4,45,0
4,18,0
4,39,0
8,32,0
9,46,0
1,4,0
1,53,0
5,67,0
3,92,0
8,25,0
2,24,0
4,63,0
9,81,0
7,60,0
5,34,0
8,72,0
2,11,0
8,23,0
6,64,0
9,86,0
9,90,0
4,51,0
6,11,0
9,92,0
6,59,0
4,26,0
5,6,0
3,42,0
