s_j,p_j,d_j
1,53,0
6,34,0
9,32,0
9,30,0
7,82,0
9,78,0
4,71,0
8,53,0
2,93,0
1,28,0
3,6,0
5,76,0
7,78,0
7,9,0
4,4,0
5,52,0
9,28,0
3,5,0
3,91,0
9,46,0
9,30,0
5,78,0
7,86,0
1,40,0
8,73,0
6,52,0
8,37,0
4,63,0
1,92,0
2,24,0
5,66,0
5,67,0
2,14,0
1,75,0
7,98,0
8,92,0
8,17,0
8,80,0
4,21,0
1,20,0
8,80,0
5,55,0
1,35,0
2,64,0
2,7,0
6,84,0
6,44,0
7,17,0
8,6,0
4,34,0
8,40,0
6,82,0
9,65,0
7,54,0
5,51,0
3,91,0
2,39,0
3,52,0
9,65,0
3,75,0
9,74,0
6,2,0
5,15,0
8,38,0
5,74,0
3,34,0
6,53,0
2,16,0
7,97,0
6,73,0
