s_j,p_j,d_j
3,72,0
4,47,0
9,54,0
4,32,0
3,54,0
7,62,0
8,62,0
1,8,0
6,62,0
3,54,0
6,22,0
9,84,0
6,46,0
6,22,0
3,47,0
1,90,0
4,1,0
4,39,0
8,39,0
7,21,0
7,89,0
6,82,0
8,91,0
2,4,0
8,76,0
1,64,0
9,51,0
7,27,0
3,92,0
8,33,0
4,14,0
8,30,0
3,92,0
9,20,0
4,1,0
2,78,0
6,41,0
9,61,0
3,58,0
1,81,0
5,76,0
9,34,0
9,81,0
8,83,0
9,56,0
4,75,0
6,37,0
9,71,0
8,82,0
8,27,0
8,51,0
8,13,0
5,57,0
4,53,0
6,2,0
9,36,0
6,39,0
7,28,0
7,95,0
3,79,0
7,64,0
7,25,0
8,90,0
5,4,0
3,36,0
2,67,0
1,34,0
3,21,0
3,69,0
2,24,0
