s_j,p_j,d_j
4,82,0
7,45,0
8,89,0
6,6,0
4,82,0
5,74,0
6,15,0
1,95,0
9,85,0
9,72,0
6,50,0
5,85,0
8,46,0
8,76,0
7,40,0
6,50,0
7,6,0
4,5,0
1,76,0
9,90,0
1,17,0
6,49,0
6,60,0
5,64,0
9,2,0
5,27,0
7,60,0
5,33,0
1,25,0
9,34,0
2,23,0
8,29,0
4,93,0
1,43,0
6,68,0
5,7,0
5,43,0
3,69,0
9,34,0
1,34,0
4,87,0
2,86,0
5,10,0
2,53,0
4,9,0
5,82,0
5,91,0
7,87,0
1,12,0
3,25,0
4,7,0
6,72,0
9,81,0
9,64,0
1,78,0
4,54,0
1,40,0
9,16,0
4,83,0
8,86,0
4,16,0
6,55,0
5,1,0
9,40,0
5,9,0
5,63,0
6,91,0
1,19,0
7,83,0
6,66,0
9,28,0
6,73,0
5,5,0
1,57,0
8,45,0
2,23,0
4,54,0
1,48,0
4,83,0
6,68,0
