s_j,p_j,d_j
4,19,0
3,78,0
3,5,0
8,10,0
6,47,0
4,21,0
8,17,0
2,91,0
3,19,0
3,50,0
9,44,0
7,52,0
2,87,0
7,47,0
5,44,0
3,89,0
1,91,0
5,3,0
7,65,0
5,37,0
7,80,0
6,72,0
6,16,0
2,9,0
5,18,0
9,72,0
3,27,0
8,3,0
6,5,0
8,3,0
6,53,0
4,42,0
1,48,0
6,65,0
2,27,0
4,26,0
1,92,0
4,9,0
7,26,0
8,6,0
2,28,0
3,53,0
2,53,0
3,7,0
4,18,0
3,46,0
4,58,0
4,94,0
2,57,0
8,9,0
3,64,0
7,61,0
4,40,0
8,51,0
3,30,0
1,11,0
7,23,0
3,88,0
3,30,0
2,62,0
7,68,0
2,4,0
5,37,0
9,71,0
9,79,0
4,29,0
1,17,0
1,94,0
5,13,0
2,87,0
