s_j,p_j,d_j
9,50,0
2,67,0
9,52,0
3,97,0
8,13,0
9,60,0
3,68,0
9,88,0
3,43,0
5,31,0
2,24,0
3,16,0
3,85,0
2,31,0
2,31,0
7,94,0
2,65,0
2,82,0
8,70,0
9,40,0
1,12,0
1,45,0
5,21,0
1,46,0
8,60,0
9,78,0
9,89,0
1,29,0
7,28,0
5,91,0
4,30,0
3,18,0
2,38,0
1,82,0
1,90,0
7,41,0
8,20,0
2,44,0
8,18,0
6,5,0
3,3,0
3,65,0
1,31,0
5,25,0
4,97,0
8,28,0
3,90,0
6,4,0
6,95,0
4,70,0
6,78,0
1,42,0
3,35,0
3,56,0
6,90,0
3,98,0
2,67,0
1,55,0
3,54,0
6,57,0
5,53,0
9,98,0
9,62,0
6,51,0
4,66,0
9,3,0
5,28,0
1,18,0
6,77,0
7,55,0
8,9,0
4,48,0
1,11,0
5,86,0
7,20,0
9,5,0
9,85,0
1,71,0
2,10,0
7,35,0
7,6,0
5,53,0
2,79,0
8,25,0
8,29,0
1,47,0
8,30,0
3,41,0
5,69,0
5,94,0
