s_j,p_j,d_j
4,63,0
1,29,0
5,28,0
1,16,0
8,38,0
5,39,0
2,56,0
5,8,0
3,34,0
3,58,0
9,25,0
7,91,0
1,36,0
3,61,0
1,91,0
1,29,0
2,48,0
4,34,0
6,45,0
2,37,0
3,2,0
8,87,0
2,19,0
9,96,0
5,50,0
5,28,0
8,94,0
6,23,0
6,29,0
8,8,0
6,91,0
7,39,0
8,82,0
9,25,0
2,15,0
4,92,0
6,82,0
3,87,0
4,27,0
3,48,0
9,61,0
5,5,0
5,22,0
1,55,0
8,6,0
2,68,0
1,4,0
3,78,0
4,68,0
5,26,0
5,1,0
2,18,0
6,9,0
8,4,0
5,13,0
5,11,0
4,17,0
9,25,0
3,90,0
1,85,0
6,6,0
8,69,0
7,8,0
8,50,0
9,46,0
1,17,0
8,41,0
8,58,0
8,98,0
5,50,0
