s_j,p_j,d_j
4,70,0
4,23,0
2,51,0
2,31,0
6,44,0
4,91,0
7,62,0
4,50,0
7,89,0
5,2,0
3,13,0
4,64,0
6,10,0
6,62,0
8,11,0
2,60,0
1,66,0
2,13,0
2,7,0
4,67,0
1,25,0
4,20,0
8,51,0
4,8,0
5,89,0
5,93,0
5,5,0
4,8,0
1,59,0
9,1,0
3,91,0
7,50,0
5,8,0
3,49,0
7,97,0
3,39,0
7,63,0
4,39,0
5,18,0
2,14,0
5,73,0
3,45,0
5,59,0
9,67,0
5,26,0
9,26,0
5,71,0
4,9,0
5,1,0
8,1,0
3,9,0
9,65,0
4,56,0
8,83,0
3,57,0
2,31,0
8,48,0
7,68,0
5,92,0
1,60,0
4,19,0
6,94,0
3,13,0
6,23,0
3,60,0
5,75,0
8,12,0
5,7,0
2,67,0
9,18,0
9,70,0
9,23,0
9,1,0
1,27,0
5,80,0
6,93,0
2,65,0
2,74,0
9,97,0
1,77,0
7,3,0
5,29,0
5,11,0
9,46,0
5,68,0
7,66,0
8,16,0
6,89,0
1,45,0
3,37,0
