s_j,p_j,d_j
6,39,0
5,93,0
1,70,0
6,16,0
6,97,0
2,2,0
7,32,0
7,54,0
4,77,0
3,34,0
9,89,0
5,65,0
8,11,0
7,81,0
1,3,0
9,18,0
3,97,0
9,81,0
2,54,0
3,74,0
3,47,0
3,32,0
1,15,0
6,46,0
2,68,0
6,81,0
2,50,0
3,45,0
2,38,0
4,35,0
4,84,0
6,95,0
7,23,0
3,70,0
6,37,0
1,33,0
7,54,0
6,17,0
8,39,0
7,38,0
8,18,0
4,57,0
6,25,0
2,66,0
3,39,0
9,6,0
2,96,0
4,62,0
7,19,0
1,80,0
7,39,0
6,76,0
9,74,0
5,19,0
2,44,0
6,55,0
4,70,0
4,14,0
7,22,0
5,59,0
4,43,0
4,98,0
8,75,0
9,68,0
8,14,0
5,88,0
1,36,0
5,93,0
6,21,0
1,28,0
4,84,0
8,92,0
2,35,0
3,56,0
2,58,0
1,24,0
3,52,0
2,30,0
5,45,0
6,19,0
