s_j,p_j,d_j
6,10,0
3,71,0
4,9,0
6,29,0
1,54,0
8,78,0
9,27,0
4,21,0
7,22,0
2,32,0
6,20,0
6,46,0
1,34,0
7,69,0
4,56,0
6,6,0
2,17,0
1,36,0
2,92,0
7,42,0
7,50,0
9,76,0
5,42,0
4,75,0
3,25,0
2,56,0
7,22,0
5,52,0
2,91,0
8,6,0
3,2,0
3,29,0
4,40,0
7,92,0
3,34,0
6,70,0
5,21,0
2,5,0
3,12,0
3,58,0
5,34,0
6,78,0
7,23,0
2,21,0
9,46,0
5,66,0
9,15,0
7,87,0
2,70,0
6,66,0
9,73,0
6,68,0
7,62,0
9,62,0
1,28,0
9,60,0
9,19,0
5,41,0
5,51,0
1,37,0
5,71,0
9,45,0
1,14,0
3,49,0
6,57,0
6,90,0
7,60,0
4,73,0
1,95,0
6,58,0
6,10,0
1,57,0
9,3,0
1,52,0
3,44,0
4,89,0
3,12,0
4,94,0
4,82,0
2,31,0
