s_j,p_j,d_j
4,96,0
1,93,0
1,81,0
1,74,0
3,83,0
5,69,0
9,66,0
3,36,0
9,73,0
5,70,0
8,1,0
2,77,0
4,6,0
2,29,0
7,77,0
3,96,0
7,41,0
4,68,0
4,94,0
5,66,0
1,82,0
4,65,0
2,78,0
3,47,0
9,44,0
8,81,0
1,16,0
5,53,0
1,19,0
3,21,0
9,36,0
4,33,0
3,38,0
2,63,0
9,26,0
1,5,0
2,10,0
6,1,0
2,55,0
5,51,0
7,70,0
7,54,0
2,58,0
8,64,0
6,73,0
9,47,0
5,67,0
1,70,0
1,74,0
6,36,0
8,92,0
7,92,0
2,71,0
2,67,0
6,33,0
2,90,0
9,28,0
5,82,0
2,51,0
6,84,0
4,91,0
9,23,0
7,92,0
6,90,0
5,14,0
6,63,0
6,78,0
8,16,0
9,59,0
3,62,0
