s_j,p_j,d_j
9,93,0
5,34,0
8,57,0
8,3,0
7,46,0
1,87,0
8,30,0
6,3,0
6,27,0
5,46,0
7,63,0
4,48,0
4,36,0
4,39,0
4,60,0
1,37,0
3,6,0
8,94,0
9,25,0
7,25,0
5,13,0
1,29,0
2,65,0
8,74,0
3,32,0
8,45,0
3,93,0
5,24,0
7,68,0
7,6,0
2,63,0
3,97,0
9,90,0
5,41,0
2,62,0
8,29,0
9,33,0
4,91,0
9,87,0
8,40,0
4,58,0
8,89,0
6,7,0
7,19,0
7,8,0
5,19,0
1,89,0
3,4,0
9,49,0
8,98,0
4,26,0
2,21,0
8,63,0
3,44,0
5,9,0
6,18,0
7,30,0
2,17,0
1,54,0
4,80,0
8,55,0
7,59,0
4,49,0
5,25,0
1,80,0
2,32,0
7,44,0
3,44,0
5,10,0
8,45,0
