s_j,p_j,d_j
4,81,0
4,21,0
9,74,0
6,78,0
8,87,0
6,71,0
3,87,0
8,50,0
9,36,0
9,89,0
6,28,0
2,38,0
8,75,0
9,21,0
4,5,0
4,72,0
6,21,0
5,64,0
6,81,0
9,76,0
2,76,0
5,18,0
2,6,0
9,24,0
2,11,0
5,87,0
8,90,0
8,24,0
4,96,0
6,29,0
5,65,0
1,59,0
9,69,0
2,97,0
6,83,0
3,56,0
7,5,0
1,61,0
3,93,0
2,54,0
4,60,0
3,14,0
9,92,0
9,50,0
8,92,0
9,80,0
1,66,0
8,60,0
2,88,0
6,91,0
2,52,0
3,55,0
4,61,0
2,47,0
8,83,0
3,42,0
8,98,0
9,30,0
7,70,0
8,46,0
5,13,0
8,73,0
6,20,0
3,6,0
6,25,0
1,12,0
7,42,0
8,59,0
3,98,0
5,64,0
