s_j,p_j,d_j
2,16,0
2,60,0
3,4,0
7,24,0
2,75,0
8,47,0
2,2,0
5,17,0
7,54,0
5,60,0
9,5,0
3,21,0
7,79,0
4,64,0
8,92,0
6,80,0
9,29,0
9,30,0
3,40,0
7,87,0
6,31,0
9,15,0
4,17,0
4,90,0
2,62,0
9,10,0
8,69,0
3,47,0
2,91,0
2,62,0
2,97,0
7,51,0
5,66,0
6,14,0
2,95,0
4,91,0
1,11,0
9,65,0
6,69,0
5,64,0
8,54,0
1,72,0
7,27,0
1,79,0
2,21,0
9,30,0
9,6,0
6,56,0
9,77,0
3,46,0
4,58,0
7,17,0
8,67,0
6,6,0
3,75,0
2,72,0
8,75,0
8,66,0
3,65,0
7,95,0
3,52,0
4,43,0
1,93,0
4,88,0
4,70,0
9,7,0
7,42,0
5,96,0
9,54,0
2,8,0
