s_j,p_j,d_j
9,38,0
7,70,0
7,58,0
8,76,0
5,96,0
3,62,0
8,93,0
4,28,0
8,94,0
3,66,0
7,82,0
1,59,0
2,25,0
4,13,0
6,40,0
5,50,0
4,41,0
9,55,0
3,38,0
9,62,0
5,93,0
2,75,0
9,79,0
5,21,0
5,51,0
9,32,0
5,13,0
8,53,0
5,43,0
8,82,0
6,91,0
8,43,0
1,67,0
7,29,0
7,30,0
9,38,0
7,22,0
8,43,0
8,63,0
9,74,0
8,73,0
2,34,0
8,89,0
5,48,0
4,62,0
9,78,0
2,47,0
6,2,0
9,11,0
4,33,0
4,46,0
4,89,0
6,66,0
3,54,0
6,97,0
4,23,0
6,68,0
7,24,0
4,78,0
8,51,0
5,58,0
4,49,0
5,42,0
1,68,0
7,52,0
5,47,0
8,50,0
6,76,0
7,81,0
4,75,0
7,50,0
6,5,0
3,32,0
9,15,0
3,54,0
2,71,0
2,97,0
3,6,0
4,36,0
8,33,0
