s_j,p_j,d_j
3,35,0
5,92,0
8,18,0
8,53,0
4,72,0
5,23,0
5,31,0
7,58,0
4,51,0
8,82,0
1,17,0
6,54,0
5,63,0
4,51,0
6,31,0
6,22,0
2,38,0
8,55,0
3,41,0
9,28,0
7,23,0
5,49,0
4,51,0
9,8,0
4,67,0
3,92,0
6,50,0
6,28,0
8,97,0
1,4,0
4,64,0
7,65,0
5,28,0
6,21,0
6,42,0
6,46,0
7,30,0
7,43,0
8,95,0
6,69,0
4,65,0
9,91,0
7,11,0
4,20,0
8,60,0
4,74,0
8,95,0
3,82,0
6,88,0
1,26,0
5,98,0
3,17,0
8,45,0
8,79,0
6,24,0
3,96,0
3,52,0
1,29,0
1,34,0
7,38,0
1,4,0
7,87,0
6,95,0
5,57,0
5,89,0
9,66,0
4,7,0
9,27,0
4,73,0
1,80,0
7,8,0
2,18,0
6,13,0
2,6,0
9,22,0
1,42,0
7,62,0
3,61,0
4,33,0
7,82,0
