s_j,p_j,d_j
2,23,0
6,33,0
8,56,0
8,72,0
1,52,0
4,5,0
5,98,0
7,15,0
5,60,0
9,57,0
3,18,0
4,55,0
6,90,0
9,61,0
1,25,0
9,95,0
9,32,0
1,95,0
9,9,0
9,57,0
9,42,0
9,29,0
3,70,0
8,44,0
2,63,0
3,22,0
2,92,0
2,63,0
4,74,0
4,83,0
7,32,0
1,36,0
2,28,0
3,9,0
8,20,0
4,4,0
9,62,0
3,1,0
6,87,0
3,59,0
6,4,0
8,5,0
3,64,0
3,95,0
8,74,0
5,43,0
6,58,0
8,83,0
7,92,0
9,3,0
9,67,0
5,73,0
4,69,0
2,31,0
9,63,0
4,82,0
1,95,0
5,28,0
7,74,0
2,82,0
6,34,0
2,52,0
8,8,0
7,43,0
8,81,0
5,38,0
6,61,0
7,73,0
8,22,0
2,42,0
1,39,0
2,98,0
9,49,0
4,2,0
1,11,0
8,59,0
1,81,0
2,36,0
7,41,0
1,32,0
5,44,0
2,32,0
4,43,0
4,22,0
1,75,0
9,97,0
6,69,0
6,47,0
3,43,0
1,52,0
