s_j,p_j,d_j
8,25,0
3,59,0
9,94,0
2,61,0
4,50,0
1,6,0
5,94,0
3,24,0
3,14,0
6,47,0
2,24,0
2,44,0
4,1,0
4,55,0
4,79,0
2,70,0
3,26,0
3,30,0
1,91,0
7,55,0
3,70,0
6,13,0
3,92,0
6,17,0
1,70,0
6,59,0
2,27,0
2,5,0
1,33,0
9,41,0
6,38,0
1,2,0
8,5,0
7,26,0
1,82,0
8,66,0
4,59,0
6,41,0
2,17,0
6,73,0
2,26,0
9,87,0
1,53,0
7,8,0
7,23,0
6,98,0
4,46,0
9,39,0
4,97,0
4,86,0
7,34,0
5,56,0
7,32,0
3,41,0
9,10,0
8,29,0
4,85,0
8,36,0
7,26,0
8,77,0
5,70,0
7,4,0
6,80,0
7,17,0
1,75,0
5,66,0
1,16,0
7,33,0
2,9,0
7,18,0
