s_j,p_j,d_j
1,42,0
4,40,0
3,57,0
6,22,0
7,78,0
9,58,0
1,65,0
5,98,0
2,91,0
9,8,0
9,25,0
2,31,0
5,50,0
7,65,0
9,90,0
4,36,0
9,60,0
9,36,0
8,42,0
3,37,0
5,50,0
7,78,0
3,80,0
9,46,0
2,51,0
5,18,0
8,96,0
9,90,0
2,83,0
8,95,0
9,15,0
2,10,0
9,93,0
2,39,0
9,23,0
1,3,0
9,25,0
6,7,0
9,48,0
1,40,0
1,36,0
8,42,0
8,62,0
4,41,0
3,21,0
6,36,0
9,86,0
4,49,0
2,24,0
4,79,0
1,37,0
6,83,0
6,39,0
5,34,0
9,97,0
4,19,0
5,58,0
7,87,0
6,39,0
7,56,0
3,60,0
6,31,0
5,11,0
5,70,0
4,77,0
4,46,0
1,58,0
7,17,0
6,9,0
2,36,0
