s_j,p_j,d_j
3,42,0
2,68,0
2,68,0
9,35,0
2,19,0
9,81,0
6,54,0
8,46,0
7,94,0
3,34,0
9,15,0
2,2,0
2,72,0
9,16,0
7,15,0
3,10,0
1,87,0
5,95,0
7,77,0
6,8,0
6,44,0
5,40,0
8,46,0
7,32,0
2,23,0
4,81,0
9,78,0
8,76,0
4,3,0
5,3,0
3,69,0
6,36,0
2,78,0
7,94,0
4,83,0
8,81,0
3,42,0
2,57,0
6,23,0
8,70,0
3,86,0
7,75,0
5,65,0
7,10,0
7,61,0
5,42,0
9,14,0
4,3,0
4,20,0
6,62,0
2,37,0
2,93,0
5,60,0
1,93,0
6,4,0
1,26,0
4,97,0
5,93,0
2,88,0
5,31,0
4,73,0
9,41,0
9,17,0
6,57,0
2,6,0
1,53,0
6,67,0
7,26,0
7,72,0
9,48,0
