s_j,p_j,d_j
8,54,0
3,17,0
8,96,0
3,51,0
7,25,0
7,43,0
5,25,0
4,53,0
3,23,0
1,87,0
2,67,0
3,68,0
3,13,0
1,81,0
8,86,0
3,58,0
6,25,0
6,53,0
4,89,0
9,53,0
7,20,0
2,78,0
7,71,0
4,2,0
7,85,0
7,37,0
6,15,0
9,43,0
6,53,0
4,38,0
7,10,0
7,48,0
1,41,0
2,76,0
3,7,0
6,25,0
2,85,0
8,64,0
8,18,0
1,18,0
1,5,0
6,75,0
5,13,0
9,91,0
4,85,0
4,52,0
5,2,0
4,32,0
9,9,0
5,73,0
1,24,0
3,24,0
6,56,0
7,92,0
2,7,0
4,29,0
5,39,0
7,43,0
4,65,0
8,31,0
8,2,0
7,66,0
5,16,0
1,47,0
9,29,0
9,88,0
5,93,0
6,11,0
6,87,0
2,95,0
3,89,0
9,85,0
2,10,0
6,7,0
5,31,0
5,20,0
6,20,0
3,61,0
3,17,0
6,14,0
