s_j,p_j,d_j
1,92,0
5,40,0
2,68,0
2,94,0
5,53,0
5,6,0
6,50,0
6,9,0
5,11,0
8,65,0
5,77,0
4,76,0
8,92,0
5,46,0
4,34,0
6,33,0
6,75,0
8,39,0
3,78,0
2,9,0
5,11,0
7,85,0
3,45,0
3,9,0
2,94,0
6,4,0
2,7,0
7,45,0
1,96,0
3,95,0
8,37,0
7,40,0
6,73,0
1,92,0
8,73,0
5,44,0
8,97,0
1,9,0
3,85,0
7,59,0
6,12,0
7,54,0
5,42,0
5,63,0
7,90,0
8,70,0
4,39,0
3,42,0
6,32,0
5,37,0
5,12,0
4,36,0
4,81,0
5,73,0
8,15,0
8,6,0
1,20,0
4,9,0
2,63,0
9,8,0
8,82,0
8,7,0
4,83,0
2,69,0
9,18,0
4,87,0
4,78,0
3,6,0
7,64,0
7,15,0
