s_j,p_j,d_j
7,63,0
1,33,0
5,89,0
7,62,0
4,95,0
7,81,0
3,15,0
5,40,0
8,15,0
4,82,0
8,58,0
6,3,0
5,66,0
3,32,0
9,29,0
1,27,0
8,70,0
5,79,0
9,58,0
9,4,0
8,87,0
1,21,0
9,81,0
4,8,0
3,39,0
9,86,0
1,9,0
7,98,0
9,94,0
6,11,0
8,29,0
6,57,0
6,13,0
5,85,0
9,96,0
6,92,0
5,80,0
2,57,0
8,92,0
6,15,0
2,21,0
9,95,0
4,73,0
8,8,0
3,18,0
2,54,0
7,18,0
4,12,0
7,89,0
1,89,0
8,92,0
7,81,0
8,34,0
3,78,0
8,39,0
6,93,0
7,68,0
6,56,0
4,65,0
5,12,0
1,54,0
8,81,0
6,47,0
1,95,0
3,84,0
2,67,0
8,64,0
2,18,0
3,79,0
4,20,0
4,22,0
7,47,0
6,3,0
6,13,0
8,20,0
8,16,0
7,36,0
1,69,0
4,8,0
5,35,0
9,86,0
4,69,0
1,77,0
5,92,0
6,62,0
6,31,0
7,22,0
7,70,0
4,75,0
3,59,0
