s_j,p_j,d_j
8,21,0
4,92,0
2,76,0
4,77,0
3,95,0
2,27,0
4,14,0
6,91,0
6,69,0
5,76,0
6,68,0
6,69,0
5,42,0
9,18,0
8,73,0
1,87,0
1,96,0
3,29,0
6,35,0
5,38,0
6,12,0
4,41,0
1,4,0
3,97,0
1,95,0
3,43,0
8,85,0
6,82,0
6,8,0
4,23,0
8,78,0
7,42,0
6,19,0
8,33,0
7,89,0
2,96,0
4,87,0
1,13,0
8,77,0
3,81,0
5,4,0
3,28,0
4,49,0
9,90,0
9,39,0
7,96,0
8,75,0
5,72,0
1,48,0
7,65,0
4,82,0
1,13,0
8,79,0
4,38,0
8,84,0
1,43,0
1,81,0
2,43,0
9,90,0
5,48,0
2,40,0
8,41,0
7,59,0
8,3,0
8,31,0
7,30,0
1,38,0
4,59,0
5,5,0
9,66,0
9,60,0
7,12,0
7,52,0
9,5,0
5,18,0
3,59,0
2,77,0
3,42,0
4,25,0
4,65,0
7,91,0
5,59,0
2,73,0
8,62,0
6,37,0
1,71,0
7,32,0
9,50,0
2,15,0
3,23,0
