s_j,p_j,d_j
1,90,0
3,14,0
6,50,0
7,95,0
2,93,0
2,66,0
4,67,0
2,94,0
3,38,0
2,9,0
8,51,0
2,35,0
1,49,0
1,46,0
8,55,0
1,18,0
4,60,0
2,70,0
2,49,0
5,80,0
7,28,0
1,80,0
3,67,0
1,31,0
3,77,0
7,16,0
9,29,0
7,36,0
7,33,0
7,86,0
6,44,0
6,62,0
1,21,0
6,38,0
4,32,0
1,8,0
7,53,0
7,47,0
4,9,0
8,30,0
4,87,0
4,51,0
7,85,0
7,41,0
2,47,0
9,63,0
6,39,0
7,14,0
3,78,0
4,52,0
6,56,0
9,67,0
9,8,0
9,58,0
6,59,0
1,41,0
5,90,0
8,66,0
7,75,0
7,58,0
6,31,0
9,4,0
9,69,0
5,67,0
6,32,0
6,92,0
1,35,0
4,43,0
5,9,0
6,85,0
