s_j,p_j,d_j
4,38,0
5,33,0
7,15,0
9,57,0
3,35,0
2,31,0
2,50,0
9,85,0
6,67,0
5,97,0
1,2,0
2,48,0
7,37,0
6,49,0
9,87,0
4,35,0
4,35,0
2,61,0
5,77,0
3,28,0
4,40,0
4,96,0
3,79,0
1,66,0
5,10,0
5,3,0
4,51,0
1,92,0
2,66,0
2,46,0
9,93,0
5,65,0
7,70,0
6,44,0
3,80,0
8,13,0
7,91,0
4,52,0
2,4,0
3,60,0
4,49,0
1,81,0
6,86,0
6,31,0
1,8,0
7,11,0
2,84,0
6,51,0
8,57,0
3,58,0
3,24,0
2,41,0
7,75,0
8,21,0
5,81,0
1,70,0
7,67,0
8,32,0
4,43,0
8,44,0
9,53,0
3,94,0
1,74,0
4,55,0
1,51,0
8,43,0
6,55,0
1,24,0
5,38,0
5,57,0
