s_j,p_j,d_j
9,88,0
3,83,0
2,22,0
6,33,0
8,84,0
8,38,0
3,65,0
2,2,0
9,93,0
6,7,0
2,61,0
9,44,0
1,96,0
9,71,0
7,50,0
5,95,0
7,55,0
8,58,0
5,61,0
2,30,0
8,63,0
2,78,0
3,47,0
6,23,0
2,49,0
2,91,0
7,54,0
1,51,0
2,22,0
3,63,0
9,54,0
8,32,0
7,86,0
4,53,0
1,27,0
1,47,0
5,94,0
1,13,0
9,61,0
2,40,0
6,80,0
9,65,0
5,80,0
5,1,0
3,90,0
9,51,0
4,60,0
4,52,0
9,16,0
9,65,0
6,37,0
6,12,0
8,88,0
3,10,0
3,3,0
9,75,0
2,61,0
7,77,0
2,30,0
8,25,0
5,97,0
9,75,0
3,4,0
6,62,0
2,12,0
4,81,0
6,45,0
6,46,0
8,26,0
7,79,0
