s_j,p_j,d_j
5,87,0
5,49,0
5,23,0
7,30,0
6,85,0
1,46,0
7,1,0
3,12,0
6,9,0
8,34,0
5,16,0
1,93,0
3,78,0
5,30,0
8,19,0
7,71,0
6,59,0
5,85,0
9,68,0
6,39,0
4,17,0
2,8,0
4,17,0
1,75,0
4,64,0
5,34,0
8,68,0
8,43,0
6,7,0
1,67,0
1,25,0
5,45,0
3,34,0
7,96,0
5,66,0
9,30,0
7,94,0
6,41,0
2,47,0
8,78,0
8,96,0
4,94,0
4,88,0
4,94,0
4,14,0
7,37,0
1,11,0
6,69,0
7,47,0
3,22,0
1,34,0
7,44,0
1,36,0
7,88,0
8,50,0
7,84,0
1,43,0
2,29,0
9,49,0
4,95,0
2,69,0
4,5,0
4,45,0
5,51,0
5,49,0
9,66,0
5,40,0
7,6,0
5,88,0
1,63,0
3,65,0
7,54,0
9,51,0
8,4,0
1,35,0
5,39,0
3,70,0
2,80,0
2,82,0
4,26,0
8,80,0
8,16,0
1,53,0
4,36,0
8,36,0
3,77,0
5,54,0
5,61,0
5,21,0
8,86,0
