s_j,p_j,d_j
6,86,0
9,88,0
6,40,0
2,84,0
2,63,0
1,50,0
9,14,0
4,70,0
6,41,0
8,51,0
2,12,0
6,51,0
5,95,0
9,91,0
2,65,0
8,60,0
3,71,0
5,82,0
7,19,0
7,1,0
4,75,0
7,13,0
5,70,0
9,37,0
6,63,0
9,73,0
8,34,0
8,60,0
7,55,0
8,58,0
1,49,0
1,76,0
4,28,0
3,59,0
3,81,0
6,36,0
7,83,0
2,18,0
9,56,0
2,56,0
4,47,0
1,48,0
7,46,0
1,52,0
5,72,0
1,78,0
9,67,0
9,78,0
2,33,0
4,26,0
3,70,0
4,93,0
1,24,0
7,54,0
7,91,0
7,13,0
5,60,0
7,66,0
4,42,0
8,46,0
5,91,0
9,47,0
2,53,0
4,7,0
4,36,0
9,18,0
5,63,0
3,16,0
7,93,0
9,35,0
8,89,0
1,64,0
4,42,0
1,61,0
5,29,0
6,66,0
9,60,0
3,32,0
6,19,0
8,8,0
