s_j,p_j,d_j
7,19,0
7,41,0
8,30,0
6,78,0
6,83,0
6,98,0
7,69,0
9,19,0
5,98,0
4,47,0
6,9,0
7,9,0
5,21,0
9,82,0
4,88,0
6,77,0
3,34,0
1,5,0
3,51,0
3,5,0
2,37,0
8,59,0
7,39,0
9,90,0
3,98,0
8,43,0
5,69,0
6,49,0
7,93,0
3,12,0
4,63,0
3,57,0
5,96,0
8,98,0
8,21,0
1,86,0
1,33,0
2,56,0
8,24,0
8,96,0
7,19,0
4,47,0
5,80,0
1,89,0
7,69,0
8,59,0
4,74,0
3,69,0
3,1,0
7,21,0
2,32,0
1,59,0
1,28,0
9,73,0
1,90,0
6,3,0
6,28,0
3,19,0
4,66,0
7,2,0
2,28,0
2,37,0
3,19,0
6,79,0
3,11,0
7,3,0
6,21,0
1,2,0
7,45,0
6,4,0
2,78,0
1,62,0
1,26,0
8,20,0
8,49,0
3,7,0
4,43,0
1,83,0
3,17,0
6,88,0
