s_j,p_j,d_j
9,36,0
2,13,0
1,93,0
8,52,0
1,98,0
5,20,0
8,25,0
7,7,0
7,75,0
1,92,0
1,19,0
8,66,0
4,34,0
4,7,0
2,34,0
4,32,0
6,77,0
4,78,0
8,80,0
9,35,0
6,25,0
4,72,0
2,37,0
9,16,0
9,26,0
7,26,0
2,63,0
5,20,0
1,34,0
2,87,0
7,19,0
7,81,0
6,43,0
9,50,0
6,9,0
1,2,0
1,19,0
3,11,0
2,22,0
1,79,0
7,92,0
8,80,0
7,9,0
6,5,0
9,56,0
3,74,0
4,56,0
7,21,0
4,38,0
3,30,0
3,75,0
7,28,0
9,2,0
2,23,0
4,50,0
7,62,0
9,21,0
4,52,0
9,8,0
5,51,0
2,56,0
5,94,0
9,13,0
6,35,0
3,26,0
7,74,0
7,79,0
1,54,0
6,84,0
5,81,0
