s_j,p_j,d_j
4,19,0
5,24,0
1,27,0
9,46,0
6,4,0
5,21,0
2,39,0
5,72,0
2,6,0
4,69,0
4,76,0
1,68,0
5,86,0
3,3,0
6,77,0
8,73,0
8,55,0
1,70,0
2,58,0
7,44,0
5,47,0
4,91,0
5,4,0
9,82,0
6,43,0
8,68,0
5,63,0
9,34,0
5,12,0
6,48,0
1,63,0
7,12,0
9,25,0
6,70,0
2,17,0
4,17,0
2,64,0
5,47,0
8,15,0
6,54,0
4,42,0
9,42,0
9,44,0
6,4,0
2,41,0
4,35,0
1,21,0
1,48,0
5,93,0
3,90,0
8,65,0
4,46,0
4,16,0
4,46,0
6,41,0
5,24,0
5,77,0
8,43,0
3,55,0
4,33,0
4,51,0
3,47,0
2,63,0
7,56,0
8,79,0
5,1,0
1,83,0
6,22,0
6,30,0
7,18,0
4,56,0
1,47,0
6,73,0
6,92,0
6,13,0
9,20,0
5,69,0
1,70,0
1,76,0
7,93,0
9,13,0
7,43,0
5,85,0
8,55,0
8,53,0
7,3,0
3,79,0
7,40,0
7,85,0
6,55,0
