s_j,p_j,d_j
5,10,0
1,51,0
2,90,0
3,73,0
2,83,0
4,18,0
5,5,0
5,93,0
6,31,0
9,55,0
7,52,0
2,83,0
4,85,0
3,60,0
3,70,0
5,75,0
3,35,0
3,3,0
3,78,0
6,17,0
2,23,0
8,47,0
9,79,0
9,98,0
9,50,0
3,16,0
8,4,0
4,83,0
2,79,0
5,28,0
6,91,0
4,73,0
9,38,0
1,82,0
3,13,0
4,38,0
7,70,0
2,96,0
1,71,0
3,18,0
4,54,0
7,50,0
7,80,0
6,11,0
2,66,0
5,43,0
2,33,0
1,45,0
2,26,0
9,7,0
4,25,0
1,68,0
5,62,0
2,76,0
9,77,0
2,47,0
4,42,0
6,80,0
2,61,0
3,64,0
3,57,0
7,51,0
6,58,0
5,24,0
2,59,0
1,18,0
5,17,0
4,88,0
5,16,0
2,63,0
6,83,0
1,37,0
4,51,0
1,47,0
8,53,0
7,11,0
8,48,0
3,63,0
2,67,0
7,68,0
