s_j,p_j,d_j
4,90,0
5,98,0
6,26,0
2,90,0
1,87,0
5,27,0
9,15,0
3,38,0
8,91,0
8,19,0
1,87,0
1,87,0
2,60,0
7,55,0
9,6,0
9,25,0
6,59,0
4,82,0
1,55,0
8,47,0
3,49,0
2,9,0
9,7,0
4,50,0
4,88,0
2,82,0
5,90,0
9,20,0
5,69,0
8,64,0
3,45,0
9,35,0
8,4,0
2,85,0
1,75,0
8,97,0
1,6,0
3,28,0
5,25,0
2,54,0
5,20,0
8,14,0
4,67,0
8,47,0
2,67,0
8,24,0
3,45,0
8,95,0
5,49,0
4,2,0
2,82,0
5,33,0
4,90,0
1,42,0
8,65,0
5,16,0
5,81,0
2,92,0
4,24,0
1,23,0
1,36,0
3,69,0
5,32,0
8,39,0
5,41,0
1,78,0
3,49,0
2,19,0
6,64,0
8,37,0
4,93,0
5,70,0
9,49,0
4,69,0
4,83,0
7,10,0
6,70,0
2,97,0
9,34,0
9,80,0
