s_j,p_j,d_j
6,7,0
8,66,0
3,41,0
4,88,0
8,42,0
3,87,0
8,90,0
7,4,0
7,80,0
7,17,0
8,16,0
8,77,0
9,6,0
5,58,0
6,96,0
8,50,0
5,94,0
7,7,0
5,22,0
9,50,0
4,38,0
9,23,0
1,85,0
3,56,0
2,26,0
8,26,0
5,83,0
6,10,0
1,14,0
8,17,0
4,61,0
4,60,0
7,69,0
1,11,0
5,81,0
6,72,0
3,20,0
7,75,0
2,30,0
9,93,0
7,51,0
8,9,0
9,49,0
4,34,0
5,35,0
5,73,0
9,16,0
2,89,0
5,23,0
8,17,0
2,83,0
6,67,0
8,60,0
5,13,0
1,15,0
3,95,0
8,58,0
5,8,0
8,28,0
2,46,0
6,54,0
9,6,0
4,94,0
3,91,0
2,58,0
6,77,0
6,8,0
1,55,0
6,19,0
2,33,0
8,33,0
7,7,0
8,37,0
4,98,0
5,25,0
2,38,0
2,41,0
6,97,0
1,80,0
9,78,0
3,10,0
9,32,0
2,59,0
1,76,0
2,6,0
5,84,0
5,27,0
3,5,0
7,94,0
7,88,0
