s_j,p_j,d_j
7,71,0
8,90,0
5,59,0
7,43,0
1,5,0
9,31,0
7,90,0
8,79,0
3,4,0
5,57,0
9,35,0
1,67,0
8,24,0
5,19,0
8,40,0
1,30,0
9,83,0
1,13,0
1,32,0
9,88,0
4,30,0
2,46,0
8,88,0
2,7,0
7,28,0
4,9,0
4,1,0
4,50,0
4,80,0
7,21,0
9,46,0
1,66,0
9,90,0
9,54,0
6,87,0
1,53,0
4,56,0
3,62,0
3,46,0
3,86,0
7,63,0
1,70,0
7,45,0
8,18,0
2,76,0
7,81,0
9,14,0
7,19,0
7,14,0
4,3,0
8,74,0
2,44,0
4,66,0
6,74,0
7,82,0
9,68,0
4,85,0
7,5,0
2,9,0
7,38,0
3,8,0
3,52,0
6,39,0
1,60,0
6,77,0
1,96,0
4,96,0
8,83,0
5,37,0
7,6,0
