s_j,p_j,d_j
1,40,0
6,5,0
2,31,0
2,37,0
1,5,0
4,66,0
2,80,0
6,55,0
8,9,0
7,64,0
2,2,0
6,94,0
8,94,0
2,83,0
8,96,0
9,71,0
9,18,0
1,2,0
6,23,0
9,2,0
3,80,0
5,30,0
4,67,0
3,64,0
7,30,0
5,3,0
9,67,0
6,13,0
7,50,0
1,39,0
6,4,0
3,48,0
9,70,0
1,85,0
3,31,0
7,29,0
1,80,0
2,40,0
8,75,0
1,92,0
6,24,0
1,68,0
4,39,0
9,13,0
4,49,0
1,47,0
6,89,0
2,29,0
3,65,0
6,56,0
3,57,0
4,68,0
3,78,0
4,5,0
7,41,0
7,91,0
7,37,0
6,64,0
1,17,0
9,71,0
4,2,0
8,8,0
5,48,0
7,26,0
2,2,0
2,8,0
4,47,0
4,62,0
5,38,0
1,25,0
7,27,0
9,19,0
1,65,0
5,78,0
2,37,0
3,85,0
4,5,0
4,15,0
2,25,0
9,8,0
1,76,0
9,90,0
6,25,0
2,60,0
2,57,0
9,87,0
7,4,0
9,79,0
5,50,0
9,91,0
