s_j,p_j,d_j
4,43,0
4,61,0
6,36,0
9,31,0
6,33,0
1,40,0
3,11,0
9,37,0
5,91,0
3,22,0
2,11,0
8,80,0
3,14,0
9,18,0
5,94,0
2,56,0
9,88,0
3,91,0
9,40,0
1,35,0
9,90,0
6,64,0
3,5,0
7,48,0
1,75,0
2,43,0
1,37,0
7,58,0
2,68,0
9,19,0
1,28,0
3,24,0
3,67,0
7,64,0
3,91,0
1,42,0
1,15,0
3,14,0
2,27,0
3,97,0
1,37,0
5,11,0
2,79,0
1,92,0
1,14,0
4,85,0
4,35,0
6,58,0
8,28,0
8,69,0
6,58,0
6,72,0
7,54,0
4,60,0
6,44,0
3,78,0
5,54,0
4,95,0
6,78,0
6,61,0
1,17,0
9,50,0
7,92,0
4,94,0
4,28,0
8,64,0
7,42,0
6,8,0
3,49,0
7,40,0
3,43,0
3,70,0
6,47,0
9,30,0
1,87,0
9,52,0
9,18,0
5,29,0
4,52,0
5,43,0
3,75,0
9,56,0
1,44,0
4,41,0
3,9,0
4,54,0
2,94,0
9,94,0
7,96,0
2,63,0
