s_j,p_j,d_j
9,64,0
7,51,0
9,61,0
2,15,0
5,65,0
6,57,0
2,37,0
7,44,0
1,10,0
7,68,0
1,17,0
6,42,0
6,74,0
8,15,0
7,9,0
1,8,0
2,50,0
5,1,0
8,25,0
7,57,0
1,94,0
1,39,0
2,83,0
5,27,0
1,75,0
3,66,0
8,73,0
7,68,0
6,25,0
6,31,0
6,55,0
4,48,0
8,11,0
2,70,0
4,26,0
3,82,0
7,49,0
8,68,0
8,46,0
2,40,0
2,70,0
5,18,0
6,11,0
5,14,0
5,72,0
2,5,0
8,90,0
4,5,0
2,84,0
5,25,0
7,45,0
5,35,0
8,27,0
7,64,0
6,31,0
1,63,0
4,81,0
7,29,0
1,21,0
8,86,0
1,18,0
1,30,0
6,35,0
5,18,0
8,52,0
4,41,0
7,27,0
8,81,0
9,38,0
7,5,0
3,98,0
3,69,0
1,25,0
7,88,0
4,65,0
2,80,0
7,27,0
4,91,0
6,18,0
1,55,0
