s_j,p_j,d_j
8,7,0
8,4,0
1,43,0
6,88,0
2,26,0
4,92,0
7,29,0
7,73,0
3,43,0
3,48,0
3,65,0
2,62,0
5,39,0
7,83,0
5,39,0
3,17,0
3,25,0
9,60,0
3,34,0
8,63,0
4,73,0
8,39,0
7,19,0
7,10,0
6,45,0
2,27,0
9,28,0
3,69,0
9,78,0
9,78,0
1,65,0
3,23,0
6,35,0
4,18,0
3,98,0
2,29,0
8,98,0
4,29,0
4,40,0
9,86,0
9,47,0
2,22,0
5,94,0
7,8,0
6,7,0
8,8,0
5,75,0
1,12,0
7,81,0
6,31,0
5,72,0
3,19,0
8,69,0
6,45,0
9,1,0
2,4,0
8,69,0
6,90,0
8,98,0
5,63,0
9,7,0
5,30,0
3,17,0
7,21,0
3,13,0
2,1,0
2,88,0
4,36,0
5,95,0
9,71,0
