s_j,p_j,d_j
7,87,0
1,13,0
7,47,0
4,6,0
2,37,0
1,97,0
2,46,0
2,26,0
8,79,0
1,48,0
2,65,0
5,2,0
2,53,0
6,98,0
6,69,0
6,73,0
7,85,0
4,86,0
2,8,0
8,63,0
2,75,0
9,46,0
8,68,0
6,10,0
9,34,0
5,52,0
1,34,0
5,20,0
2,12,0
1,47,0
8,71,0
8,66,0
8,32,0
8,52,0
2,41,0
7,41,0
7,68,0
9,20,0
8,52,0
7,63,0
8,70,0
7,59,0
4,22,0
4,13,0
8,66,0
6,25,0
7,51,0
9,14,0
3,91,0
5,15,0
2,40,0
5,11,0
1,71,0
9,59,0
8,9,0
3,40,0
1,86,0
3,58,0
6,97,0
4,8,0
9,65,0
1,55,0
6,87,0
3,29,0
3,11,0
4,6,0
3,35,0
1,52,0
2,30,0
3,37,0
