s_j,p_j,d_j
4,87,0
8,70,0
9,13,0
6,89,0
9,8,0
9,81,0
3,59,0
4,85,0
4,35,0
1,48,0
6,67,0
4,77,0
9,80,0
1,75,0
8,20,0
2,42,0
1,93,0
4,87,0
3,37,0
2,89,0
9,85,0
2,93,0
6,96,0
9,10,0
5,33,0
4,15,0
2,76,0
1,94,0
3,51,0
5,85,0
5,67,0
1,60,0
7,65,0
7,4,0
4,50,0
7,84,0
9,70,0
1,39,0
6,86,0
8,22,0
9,3,0
9,74,0
2,47,0
5,92,0
8,19,0
9,82,0
8,54,0
9,80,0
8,17,0
5,75,0
5,7,0
1,64,0
9,25,0
7,18,0
2,45,0
9,4,0
6,34,0
9,94,0
7,95,0
4,53,0
3,46,0
7,31,0
9,70,0
7,73,0
6,54,0
6,89,0
7,87,0
1,39,0
8,24,0
6,82,0
1,11,0
7,82,0
2,23,0
2,56,0
1,63,0
6,44,0
2,48,0
6,62,0
9,49,0
1,27,0
4,74,0
1,29,0
6,98,0
2,83,0
3,4,0
2,27,0
8,19,0
3,3,0
2,59,0
7,54,0
