s_j,p_j,d_j
6,86,0
2,35,0
2,84,0
5,87,0
1,20,0
7,4,0
6,2,0
2,23,0
6,46,0
5,45,0
6,97,0
4,66,0
7,80,0
7,74,0
6,62,0
8,87,0
3,90,0
1,38,0
7,77,0
5,78,0
4,53,0
1,97,0
1,40,0
3,74,0
9,70,0
6,73,0
6,59,0
1,93,0
2,17,0
5,95,0
7,26,0
9,70,0
9,18,0
7,26,0
9,86,0
3,59,0
7,47,0
9,65,0
6,44,0
7,61,0
5,2,0
4,63,0
5,60,0
1,58,0
8,49,0
1,25,0
8,73,0
9,67,0
9,27,0
8,52,0
3,28,0
6,78,0
9,49,0
3,7,0
9,72,0
1,16,0
5,25,0
2,89,0
5,58,0
8,60,0
5,23,0
1,49,0
4,38,0
6,29,0
6,53,0
1,30,0
2,34,0
3,25,0
1,40,0
9,29,0
3,78,0
9,12,0
8,93,0
2,88,0
8,34,0
9,17,0
3,76,0
2,83,0
7,58,0
1,98,0
