s_j,p_j,d_j
3,57,0
7,88,0
8,95,0
9,52,0
4,96,0
8,51,0
8,46,0
3,7,0
2,87,0
5,21,0
7,27,0
4,74,0
7,21,0
5,34,0
6,63,0
2,56,0
1,62,0
7,46,0
3,97,0
5,78,0
1,16,0
2,21,0
6,37,0
9,51,0
7,24,0
3,22,0
7,44,0
6,20,0
6,93,0
8,51,0
8,88,0
6,43,0
3,89,0
2,36,0
8,88,0
7,53,0
6,42,0
2,68,0
6,12,0
6,32,0
1,3,0
8,48,0
8,60,0
8,76,0
5,62,0
1,17,0
9,5,0
8,4,0
7,34,0
4,60,0
8,26,0
1,17,0
7,65,0
1,31,0
7,44,0
9,66,0
8,97,0
7,55,0
5,41,0
3,57,0
4,17,0
7,47,0
3,71,0
2,32,0
3,25,0
5,8,0
8,93,0
7,67,0
8,11,0
1,45,0
4,17,0
5,53,0
4,35,0
2,74,0
5,32,0
3,71,0
8,91,0
3,36,0
3,26,0
8,17,0
2,61,0
1,93,0
8,57,0
1,50,0
2,45,0
9,94,0
9,15,0
9,41,0
6,30,0
9,13,0
