22
9999
3
1
0
0
0
0
2
4
2
1
0
3
3
2
2
0
4
2
0
3
2
5
2
1
2
1
6
1
1
0
0
7
5
1
2
1
8
1
1
2
1
9
2
0
2
2
10
4
0
1
1
11
5
2
1
0
12
3
1
3
2
13
1
1
1
0
14
5
2
3
2
15
4
0
2
2
16
4
0
2
0
17
5
2
1
2
18
2
2
3
1
19
1
2
1
2
20
3
2
1
0
21
1
0
2
2
22
0
0
0
0
9999
5
6
4
1
2
1
3
1
4
1
5
1
6
1
7
1
8
1
9
1
10
1
11
1
12
1
13
1
14
1
15
1
16
1
17
1
18
1
19
1
20
1
21
2
22
3
22
4
22
5
22
6
22
7
22
8
22
9
22
10
22
11
22
12
22
13
22
14
22
15
22
16
22
17
22
18
22
19
22
20
22
21
22
17
21
2
20
2
14
5
17
2
15
4
11
16
17
8
13
4
11
3
20
2
21
3
8
4
6
9
17
8
11
9999
