s_j,p_j,d_j
6,23,0
3,32,64
8,15,0
3,44,0
1,49,98
8,77,0
5,51,102
3,4,0
1,72,0
2,83,166
5,52,104
7,65,65
5,85,0
9,40,80
1,19,19
6,9,0
3,40,80
1,82,82
9,7,7
8,53,0
6,7,0
4,66,66
3,73,73
4,87,0
5,84,84
3,11,11
6,47,0
3,67,134
1,54,108
7,24,48
6,94,0
6,46,92
7,21,21
7,46,0
1,76,76
3,79,158
6,9,18
4,20,20
2,32,64
8,79,79
3,76,76
3,24,24
6,55,55
6,4,8
7,9,0
1,29,0
5,4,4
7,39,78
4,71,0
2,69,0
3,84,0
2,83,166
5,95,190
7,19,0
4,87,87
7,28,56
4,98,0
1,54,108
7,78,0
9,86,86
7,58,58
1,15,15
3,87,174
3,76,0
2,24,24
6,10,0
7,71,142
3,42,0
6,59,118
5,20,20
