s_j,p_j,d_j
8,48,48
2,80,160
4,43,0
2,32,0
9,65,130
9,87,174
9,3,3
6,73,73
8,64,0
2,72,0
2,38,38
7,59,59
7,76,0
6,69,138
5,5,0
9,91,91
1,45,90
6,36,36
3,39,0
9,57,114
1,35,0
7,61,0
5,75,0
1,16,16
2,86,86
2,17,17
2,5,5
1,50,100
3,97,97
6,12,24
6,69,138
4,83,166
1,19,0
5,92,0
5,38,38
7,82,0
1,69,69
8,15,30
8,1,0
7,3,3
4,34,68
6,97,97
3,25,50
7,10,10
3,48,0
6,6,0
1,22,0
2,12,0
6,59,118
4,88,0
8,68,0
9,85,85
2,75,75
5,42,0
7,70,140
8,51,51
2,10,0
8,82,164
9,46,92
3,1,2
