s_j,p_j,d_j
11,3,47
8,9,88
14,8,48
11,15,12
1,11,262
15,2,101
4,2,246
19,4,293
2,18,203
15,6,267
15,12,199
10,4,138
4,9,216
12,17,73
1,4,182
6,7,262
13,4,1
11,8,264
11,6,278
17,12,18
15,7,133
18,13,261
8,10,228
13,1,176
18,19,247
7,9,89
1,15,26
10,10,141
6,13,35
5,3,299
14,8,30
16,16,296
12,16,267
9,18,175
16,19,287
19,13,275
6,8,73
7,13,15
15,3,199
10,5,52
19,11,91
12,2,256
2,2,82
9,6,6
13,10,118
16,2,283
19,8,276
8,16,161
17,9,210
3,2,29
12,4,204
10,7,189
9,15,153
14,14,75
1,18,213
14,14,61
4,14,298
4,4,75
15,12,103
18,11,193
