s_j,p_j,d_j
9,55,0
6,95,190
7,89,178
6,73,73
1,97,97
4,79,79
7,32,0
8,28,0
5,48,48
1,57,57
6,85,0
7,18,0
7,27,54
3,27,54
8,65,0
7,52,0
1,76,76
3,77,0
2,94,94
2,57,114
5,96,0
6,45,45
1,4,8
2,6,12
4,31,31
5,80,0
7,53,53
9,23,46
1,4,4
6,83,83
7,89,89
5,42,84
8,7,0
7,87,174
4,5,5
4,90,0
6,41,0
7,92,92
4,78,156
4,74,0
7,73,146
5,16,32
7,73,146
5,41,0
8,36,36
3,51,51
8,27,27
4,95,95
4,73,146
9,80,80
7,64,64
9,9,9
7,53,106
9,85,170
6,32,64
2,79,79
1,24,0
4,43,43
1,51,51
4,30,60
8,58,116
4,91,182
6,60,0
1,83,166
2,33,33
6,4,0
6,89,178
7,41,41
2,84,0
8,74,74
4,67,67
9,90,90
7,81,0
8,59,0
5,13,26
3,11,11
9,48,0
6,66,66
1,95,95
9,45,0
