s_j,p_j,d_j
5,39,0
2,82,82
3,52,52
8,16,32
6,81,81
5,17,0
8,97,0
5,42,0
7,53,0
6,79,79
2,34,34
4,97,97
7,5,10
9,16,0
5,2,2
4,33,0
6,55,0
5,37,74
8,96,0
8,14,28
9,38,0
8,30,30
2,66,0
1,88,176
8,6,6
8,7,14
4,40,0
4,22,44
2,27,0
9,78,156
7,64,128
9,45,45
9,2,4
7,34,68
6,14,28
2,62,0
4,39,78
8,15,30
9,3,0
6,83,166
1,15,0
6,2,2
8,76,76
5,91,91
6,11,22
7,63,126
4,37,0
7,94,0
3,68,136
5,74,148
1,70,140
4,39,0
7,49,98
8,39,39
2,93,0
5,90,0
6,34,68
5,14,0
1,52,0
8,62,62
8,76,0
1,85,170
4,10,20
4,80,0
2,67,67
2,22,22
8,53,53
5,85,0
9,41,41
5,14,28
7,49,98
9,24,0
6,24,48
1,6,0
1,74,0
7,42,84
4,20,40
3,77,154
6,6,6
6,60,0
