s_j,p_j,d_j
5,45,90
3,87,0
5,18,0
6,54,108
4,91,0
6,64,0
6,57,0
8,47,0
9,52,52
1,13,13
1,30,0
6,15,30
3,25,25
7,15,30
2,85,170
4,44,88
9,34,0
6,42,42
4,12,0
4,72,144
2,74,0
8,12,12
9,48,96
5,90,180
9,43,0
7,9,9
1,54,108
3,10,0
5,22,22
3,93,186
5,91,91
9,67,0
8,24,0
5,4,8
3,53,0
9,90,90
3,96,192
7,21,0
9,70,70
5,39,78
1,23,23
9,85,85
1,54,0
3,94,188
8,47,47
7,88,88
9,40,40
1,58,58
3,76,76
3,40,80
3,26,0
4,65,130
6,75,150
7,67,0
5,23,46
4,75,75
2,38,38
7,41,41
5,59,118
1,49,98
9,84,168
9,51,0
1,30,60
8,85,170
7,20,20
1,14,0
6,68,136
9,39,39
4,66,66
6,17,17
5,97,97
5,5,0
9,46,46
7,5,10
1,21,21
9,44,44
8,57,0
4,64,0
9,90,0
6,13,26
