s_j,p_j,d_j
5,54,108
7,77,154
9,83,0
1,60,60
1,1,1
8,93,0
3,78,0
6,20,0
1,94,0
6,81,162
4,64,0
9,55,0
7,76,76
5,67,134
5,49,98
1,70,70
3,64,0
6,3,0
8,24,48
3,80,0
4,8,8
8,75,75
9,73,0
2,11,0
3,42,84
3,62,124
1,31,31
1,6,12
2,77,154
7,65,0
9,42,42
3,41,41
6,49,49
9,42,42
3,63,63
2,67,0
9,88,176
6,34,68
1,56,0
1,62,0
3,8,16
9,30,0
9,82,0
6,46,0
9,41,0
2,83,0
3,39,39
8,87,174
9,68,68
8,93,93
5,34,0
1,17,34
2,71,0
4,39,78
2,93,93
7,35,35
5,69,0
8,24,24
6,42,84
2,98,196
3,55,0
7,44,0
7,53,106
1,7,7
3,27,0
9,9,0
1,93,93
9,77,154
6,79,79
2,76,0
9,91,182
2,15,0
1,20,40
7,36,72
1,78,156
1,98,98
5,67,0
2,94,188
1,37,74
5,85,0
