s_j,p_j,d_j
5,42,42
2,9,9
5,58,58
1,86,172
8,79,0
7,52,52
9,54,54
3,51,102
6,58,58
8,20,40
5,6,0
4,95,190
7,10,20
6,35,70
7,1,0
3,11,0
6,80,160
6,92,0
5,80,0
7,80,0
8,4,4
1,51,102
2,8,16
4,19,0
5,21,0
1,60,0
3,46,46
3,42,42
4,86,172
3,34,68
3,51,0
6,64,64
5,28,56
4,61,61
1,60,0
1,34,34
7,95,0
2,74,74
3,14,0
3,73,0
1,61,61
3,30,60
3,71,0
7,64,64
8,81,0
9,45,0
7,49,49
6,10,0
4,22,44
1,3,3
4,75,0
4,33,66
4,8,8
9,31,0
3,12,0
7,89,178
3,79,158
8,16,16
7,1,0
7,87,174
