s_j,p_j,d_j
6,41,41
5,45,45
9,38,0
3,26,26
4,97,0
5,51,51
8,12,24
9,54,54
2,59,0
7,79,158
2,33,33
2,31,62
5,77,0
7,67,0
1,75,0
7,43,0
1,71,142
7,97,194
4,46,46
6,74,148
2,81,0
9,75,75
5,17,34
4,52,0
8,54,54
7,95,190
9,20,20
9,5,0
9,47,94
7,46,92
2,4,4
1,95,190
2,9,18
5,82,82
6,40,40
2,92,92
4,10,20
9,89,0
6,1,2
5,72,144
5,40,0
2,32,0
5,28,0
5,52,0
6,56,0
1,62,124
8,22,0
1,3,6
6,81,0
8,12,24
1,10,10
5,25,0
5,78,78
1,29,29
9,44,0
9,96,0
6,10,0
3,49,98
5,76,76
7,18,18
4,22,0
8,98,0
1,72,72
5,80,0
2,15,0
7,71,0
4,21,0
2,18,36
8,95,190
9,28,28
5,65,65
8,55,55
7,72,0
9,95,190
3,97,97
5,82,82
4,26,0
7,3,3
5,51,0
6,62,124
