s_j,p_j,d_j
2,63,126
7,94,188
4,79,0
6,70,140
6,6,12
5,48,96
1,4,4
5,72,72
1,76,76
6,7,7
7,60,120
5,84,168
5,37,37
7,81,0
5,28,0
9,52,0
1,49,49
5,43,43
5,30,60
1,38,76
4,53,106
6,34,34
3,23,46
2,5,10
3,58,116
4,11,22
6,22,22
6,28,28
2,96,96
7,40,80
4,49,98
1,24,24
3,89,89
8,83,166
2,48,48
5,43,0
2,52,104
5,63,0
8,97,194
1,70,140
2,39,0
9,10,10
9,61,61
9,89,178
9,62,62
9,40,80
4,64,128
1,86,0
2,1,1
1,61,0
8,73,0
6,67,67
1,70,140
8,73,146
3,68,0
3,5,10
9,47,94
1,58,116
9,10,10
5,78,78
5,72,144
3,49,0
8,55,55
3,33,66
8,27,0
4,74,74
3,51,102
5,60,60
9,70,140
4,57,114
1,48,0
9,26,52
3,52,104
6,12,0
8,29,0
5,32,0
1,56,112
4,33,66
3,37,37
6,4,4
1,37,74
8,53,106
6,41,0
2,34,34
9,25,50
9,22,0
7,85,0
4,69,69
4,5,0
3,2,2
