s_j,p_j,d_j
6,44,88
3,73,146
9,49,98
2,79,79
3,13,0
5,60,0
5,49,49
7,97,0
5,19,38
6,59,0
3,93,186
1,49,98
7,63,0
1,75,150
4,31,0
9,11,22
7,38,0
5,70,70
2,77,0
1,27,0
7,86,172
7,70,0
2,84,0
3,39,0
1,79,79
1,95,95
8,52,104
5,74,0
1,71,71
5,80,0
9,87,0
4,70,0
7,90,180
1,31,62
9,67,0
4,53,106
6,84,0
9,93,186
2,59,59
1,11,0
3,27,27
6,13,0
7,71,71
2,24,48
6,34,0
9,9,0
6,2,4
8,76,152
5,7,0
9,20,0
9,25,50
7,42,0
8,77,77
4,71,142
1,62,124
5,49,0
7,22,0
4,18,18
5,20,20
9,50,50
8,90,180
2,76,152
7,31,0
7,7,7
5,48,0
4,31,31
2,38,38
1,80,80
2,37,0
8,47,94
8,15,15
9,7,0
7,37,0
6,58,0
4,13,0
5,61,122
7,35,70
5,14,28
2,27,0
3,57,114
6,14,14
5,84,0
4,72,144
9,20,0
8,16,32
9,3,6
9,80,0
6,48,48
3,39,39
1,83,0
