s_j,p_j,d_j
1,11,296
4,1,156
11,15,185
12,6,178
19,13,245
17,19,122
4,7,124
9,8,300
10,13,333
9,8,222
15,13,117
6,16,204
1,8,171
11,19,227
1,13,149
18,7,260
4,9,181
11,4,99
19,1,45
2,8,337
15,17,349
12,9,9
16,17,337
9,17,104
2,11,281
6,10,345
11,17,204
15,17,311
17,16,303
12,3,332
17,14,331
2,4,79
8,5,290
8,3,196
3,4,240
7,18,82
4,9,124
17,19,285
16,2,116
4,17,166
17,11,98
4,17,126
9,14,101
4,9,195
12,4,169
3,10,258
18,2,24
5,3,301
18,2,168
4,16,74
16,7,210
15,5,310
15,6,3
2,18,124
10,1,343
17,17,69
4,16,209
12,2,305
7,4,239
16,15,247
18,17,186
17,13,239
4,7,178
3,18,99
8,1,321
7,10,168
5,5,302
16,18,345
18,6,12
2,10,129
