s_j,p_j,d_j
5,61,122
5,87,174
5,46,0
1,2,2
9,40,0
1,72,72
4,48,0
4,17,17
4,94,188
4,86,86
1,79,79
7,55,0
2,54,54
8,33,0
6,4,4
9,2,2
1,26,52
8,76,76
7,93,186
9,67,134
8,59,59
8,26,0
2,23,0
5,56,112
6,12,24
1,38,76
2,98,98
5,31,62
7,65,130
7,11,0
8,50,100
6,48,0
2,78,156
9,65,65
9,7,7
6,41,0
3,85,85
4,61,0
7,20,40
4,61,0
9,10,0
7,58,0
6,48,48
7,89,89
6,53,53
1,17,34
5,40,40
9,63,63
2,19,0
8,59,118
6,79,0
2,35,0
9,86,86
2,60,60
4,5,10
4,46,92
1,91,182
2,70,140
8,70,70
6,96,96
