s_j,p_j,d_j
6,86,86
4,66,132
8,85,0
3,63,126
6,62,124
7,37,37
1,19,38
6,41,41
1,25,25
6,30,30
8,10,20
1,50,100
2,63,63
9,79,79
6,94,94
8,36,0
7,61,122
2,93,186
4,28,0
7,60,0
8,35,70
8,74,148
4,74,148
9,11,22
4,86,0
3,37,37
5,1,1
9,37,37
8,82,82
6,81,0
9,31,0
9,59,59
8,96,192
9,60,60
4,47,94
6,69,138
2,57,114
9,90,180
1,43,86
7,1,1
2,61,122
2,53,106
4,30,0
2,85,85
6,29,58
3,83,0
3,1,2
2,85,0
6,49,98
7,21,0
8,24,0
2,25,0
7,96,192
5,39,78
5,92,184
1,68,136
3,34,0
7,87,0
5,76,152
3,50,50
8,44,0
7,56,112
6,21,21
3,30,0
9,80,0
1,21,42
2,97,194
7,20,40
7,61,122
2,66,0
3,69,69
5,41,0
7,13,26
3,42,0
1,73,0
7,88,176
2,42,42
3,77,0
2,80,80
8,79,158
2,39,39
3,37,0
4,53,0
9,85,85
6,67,0
4,64,64
7,30,30
3,45,90
9,36,0
4,88,176
