s_j,p_j,d_j
2,45,90
4,10,10
8,9,18
4,6,12
2,96,96
4,26,26
7,82,164
2,32,32
4,40,40
4,35,70
3,39,0
2,65,65
2,42,84
2,45,90
3,87,174
6,4,0
2,6,6
1,85,85
4,44,0
1,58,116
3,48,96
4,88,0
3,10,20
3,77,154
2,54,54
6,73,73
7,60,0
1,86,172
1,82,82
2,70,0
1,68,0
7,47,47
7,89,178
8,86,172
8,2,2
4,98,98
2,29,0
5,82,82
7,85,170
3,2,2
3,27,0
4,71,71
9,58,58
2,91,91
1,21,21
8,54,108
2,10,0
3,91,0
3,20,40
6,56,56
5,95,190
7,87,0
5,98,98
6,60,60
4,7,14
1,51,51
1,13,13
4,78,78
3,97,0
3,24,24
7,53,106
6,87,87
9,32,32
6,80,80
1,93,93
6,77,77
4,94,94
4,91,0
8,98,0
8,63,126
9,24,24
2,5,10
2,48,0
4,52,0
2,56,56
5,28,28
6,7,0
3,5,0
1,85,170
5,2,2
