s_j,p_j,d_j
5,94,0
5,98,0
8,80,160
8,6,6
6,73,0
7,30,30
5,8,8
2,28,28
5,77,0
1,56,56
1,10,10
2,69,0
8,95,95
7,77,154
1,8,0
7,91,91
8,92,92
3,78,0
4,7,0
1,59,0
5,89,89
1,86,0
9,49,98
7,12,0
9,87,87
8,11,0
6,16,16
2,84,168
4,88,88
9,2,2
1,9,18
6,11,0
5,75,75
4,30,30
1,24,48
5,54,108
6,5,0
5,55,110
1,30,30
3,17,17
9,52,104
7,34,34
8,6,6
3,19,19
8,8,16
3,74,74
8,24,48
9,47,47
1,22,0
1,12,24
4,14,28
6,73,73
6,74,74
5,8,8
3,5,0
7,46,92
8,22,0
4,77,0
5,73,146
9,65,130
8,92,0
7,86,0
6,65,0
4,88,0
3,65,130
7,15,30
1,84,168
9,41,82
9,66,0
1,74,148
