s_j,p_j,d_j
17,10,304
15,6,282
6,14,88
19,14,242
14,2,84
2,10,78
3,6,183
15,19,274
12,2,195
3,16,211
17,11,269
3,13,121
5,2,342
8,5,82
4,13,166
18,8,53
10,3,133
10,1,315
5,11,75
18,12,200
15,14,316
11,17,42
19,15,272
2,17,43
19,8,131
7,18,163
1,9,345
9,15,118
6,15,119
16,3,194
9,4,229
16,6,290
5,2,308
12,9,128
8,6,81
12,13,101
14,19,232
1,14,228
7,19,288
5,9,284
19,3,289
15,16,148
14,15,209
8,4,315
3,18,109
16,8,319
8,2,27
17,11,311
7,15,280
12,8,57
18,1,327
3,17,247
7,3,257
3,3,83
15,11,196
2,4,6
16,5,297
13,7,204
14,11,200
12,2,292
3,3,81
2,14,335
17,8,214
8,17,209
8,7,190
15,11,22
15,18,7
19,9,40
19,12,188
1,10,36
