s_j,p_j,d_j
15,17,199
5,14,287
6,12,298
11,2,71
6,10,294
14,17,163
3,12,255
11,3,7
10,19,4
5,19,100
2,8,22
3,8,122
6,19,193
12,11,70
12,2,67
11,4,200
2,13,233
8,4,284
4,4,128
5,14,150
4,19,133
3,5,13
16,15,125
5,13,43
9,7,184
7,3,64
19,17,20
11,1,27
13,13,124
4,3,156
10,1,202
17,18,136
1,7,66
18,9,144
16,12,55
14,12,42
2,8,113
3,4,201
18,2,201
12,15,3
5,4,112
1,18,81
9,14,50
1,18,56
15,15,135
18,4,135
3,12,22
4,13,142
13,17,17
11,17,132
3,19,142
12,12,80
5,15,276
10,15,33
12,15,143
2,5,299
8,4,201
8,19,116
9,12,7
9,5,190
