s_j,p_j,d_j
7,74,148
5,55,0
7,28,28
4,95,190
3,44,44
2,76,0
3,94,188
5,16,16
3,35,35
5,40,40
5,17,17
4,94,0
6,75,75
9,91,91
4,29,58
5,96,96
1,52,52
4,11,0
3,33,0
8,92,92
9,28,0
8,44,44
8,82,164
6,85,170
4,10,10
7,2,2
5,28,28
4,70,140
9,39,0
1,76,0
2,89,89
5,87,87
7,73,146
6,68,136
9,66,0
7,67,67
6,15,0
5,6,0
2,49,49
6,39,39
5,49,49
7,43,0
9,49,98
3,89,178
9,78,0
3,95,190
5,90,90
8,68,0
8,9,18
2,10,0
3,9,0
7,27,54
7,57,0
3,36,36
1,57,114
6,35,70
5,6,12
8,34,68
4,64,0
6,85,0
6,47,94
9,6,6
2,58,116
7,5,5
7,74,0
5,63,126
6,33,33
5,59,59
2,45,90
8,66,132
1,94,0
1,36,36
2,55,110
5,34,34
3,39,78
4,65,65
1,53,0
3,59,0
5,30,30
7,57,0
4,61,61
8,27,27
7,65,130
3,53,53
9,49,0
8,69,0
3,29,0
7,60,60
2,2,2
3,69,69
