s_j,p_j,d_j
1,74,0
3,51,51
7,15,0
8,23,0
8,65,130
2,31,62
5,18,36
4,14,14
4,96,0
2,83,0
5,2,2
2,59,0
9,30,30
8,83,166
9,51,102
6,6,6
3,40,0
5,15,15
8,50,50
8,94,0
9,19,0
4,88,176
6,78,0
2,43,86
1,1,2
2,39,39
1,29,58
8,29,58
5,44,88
3,86,86
6,94,0
9,80,80
1,76,76
6,45,0
3,70,70
1,27,0
4,92,0
6,73,0
8,71,0
2,8,16
6,60,60
2,39,78
4,13,0
5,6,12
2,53,0
5,59,0
5,88,0
5,75,75
3,79,0
7,67,134
7,62,124
1,22,44
1,28,56
5,85,85
8,87,174
3,48,48
2,96,192
2,16,32
5,76,0
5,96,96
6,3,6
2,17,34
8,46,46
8,31,31
3,89,89
5,67,0
3,23,0
9,30,30
2,26,0
4,24,0
5,55,0
7,59,118
2,78,78
9,61,61
6,94,0
3,76,152
9,17,34
3,69,0
7,65,130
5,62,124
3,54,108
2,93,93
1,1,0
8,29,29
2,72,144
4,37,0
5,95,0
9,87,0
2,12,12
7,12,24
