s_j,p_j,d_j
6,29,58
8,10,10
4,13,26
9,51,0
4,87,0
1,48,48
1,32,0
7,14,28
8,54,0
2,17,17
6,93,0
2,38,0
8,35,35
7,39,0
7,45,0
3,47,94
4,70,140
7,13,0
9,85,85
1,84,84
7,30,60
9,89,89
1,84,168
6,71,0
1,30,0
8,39,39
2,6,12
2,66,0
6,11,22
6,82,164
5,24,24
9,20,20
9,56,0
1,19,38
6,95,0
6,47,47
8,83,83
7,55,0
6,63,126
8,84,0
1,5,0
5,48,96
4,98,98
8,96,96
3,72,72
6,62,0
5,46,46
9,80,80
3,45,45
7,22,44
3,85,0
8,54,108
6,21,21
9,77,77
6,63,63
9,68,68
3,58,116
6,32,32
7,7,14
8,53,0
9,32,64
3,52,104
6,14,14
9,42,0
6,77,0
8,83,83
4,81,81
1,73,0
3,29,29
3,76,0
5,33,0
6,38,76
1,61,0
2,16,32
4,63,126
4,50,0
7,44,88
1,29,29
1,32,0
2,88,88
