s_j,p_j,d_j
1,16,165
12,1,30
16,6,142
4,16,259
19,18,370
8,17,60
6,13,39
15,4,384
16,13,135
12,7,418
14,13,233
6,1,110
16,4,235
19,13,344
10,9,290
3,19,390
2,5,112
4,1,157
4,3,402
11,6,190
17,1,353
15,13,424
8,13,110
4,19,408
16,6,318
15,15,150
2,6,157
7,15,326
18,10,136
13,2,114
1,1,83
15,15,207
2,17,156
11,3,106
8,19,38
12,9,399
12,10,313
17,15,178
3,5,141
13,19,276
2,11,296
1,8,355
1,13,105
19,15,167
16,5,46
19,12,388
10,19,319
4,1,178
10,17,177
13,15,426
11,16,433
17,15,324
2,8,165
19,17,128
11,17,211
17,4,385
9,3,437
9,7,54
10,2,345
15,1,264
11,1,364
12,3,115
3,16,116
11,16,303
9,19,413
15,4,268
2,14,395
10,13,160
8,2,268
10,15,139
8,12,220
14,19,201
15,7,14
9,11,313
10,10,343
12,12,132
3,3,266
5,2,56
2,9,46
14,6,90
2,4,62
15,2,204
4,1,360
8,1,173
11,15,171
17,1,208
8,3,236
5,15,445
11,19,430
11,11,367
