s_j,p_j,d_j
15,14,227
13,4,174
5,3,209
3,13,222
11,8,199
5,17,145
18,7,177
12,8,159
17,12,140
11,10,103
15,18,17
5,14,117
19,6,148
11,5,7
4,11,226
9,5,125
19,19,137
8,9,240
12,12,207
9,9,118
2,12,63
10,19,159
8,8,26
18,14,124
10,3,125
14,12,153
1,11,116
10,16,59
9,13,188
2,9,103
13,6,212
19,15,156
10,18,223
6,13,106
16,4,201
5,9,68
11,10,101
7,15,62
16,6,131
11,10,90
11,12,164
6,13,93
11,17,46
16,10,105
12,18,43
16,2,151
19,14,25
9,3,48
19,17,140
13,18,181
