s_j,p_j,d_j
2,51,51
1,30,60
4,57,114
7,11,11
6,93,0
6,21,42
5,76,76
6,13,26
7,11,0
1,21,0
4,50,100
2,7,7
9,31,0
7,95,0
3,66,132
8,28,28
8,82,82
2,25,0
6,49,98
9,24,48
8,10,10
2,92,0
9,25,0
1,87,87
9,91,0
8,12,0
5,62,124
9,39,78
6,83,0
5,68,68
6,59,0
9,16,0
6,40,40
5,61,122
2,97,0
2,47,94
9,64,64
7,17,0
6,32,64
6,8,0
1,18,18
9,32,32
4,70,0
2,91,91
6,58,0
1,47,0
5,7,14
5,74,148
8,34,0
1,96,192
1,65,65
6,55,55
6,37,0
4,10,10
1,7,14
5,58,116
3,68,136
9,27,0
4,5,10
5,40,80
8,32,0
1,57,0
6,32,0
8,44,88
5,48,0
5,89,178
5,74,148
6,15,15
5,31,31
4,43,43
2,51,0
4,4,4
7,24,48
5,50,50
6,82,164
7,39,39
7,33,66
2,68,136
2,22,22
3,87,87
