s_j,p_j,d_j
8,98,196
7,29,58
8,48,96
9,2,2
3,88,0
4,51,51
2,3,0
3,86,86
7,76,0
1,53,106
6,48,48
3,35,0
3,48,48
2,30,30
4,9,9
7,40,80
1,58,0
2,50,0
2,79,158
7,9,18
4,14,28
1,67,134
6,63,63
2,77,0
5,51,51
1,77,0
9,93,186
4,67,134
1,94,188
9,9,9
1,79,79
9,45,0
9,89,0
7,55,0
1,21,0
1,42,0
2,87,87
7,70,70
2,51,51
4,87,174
5,63,63
8,92,184
2,64,0
7,29,29
8,12,0
8,3,3
8,75,75
4,31,31
5,89,89
5,74,74
6,34,0
7,49,49
4,1,1
9,76,0
5,21,0
7,42,84
6,66,0
6,71,71
4,1,2
4,84,84
3,75,75
3,21,21
7,5,0
4,22,44
9,35,0
3,42,84
9,92,0
1,76,0
7,1,1
3,18,36
9,13,26
6,77,77
6,46,46
5,27,0
7,4,8
8,51,102
4,89,89
2,64,64
8,78,156
3,47,94
3,85,85
6,86,0
9,51,0
2,8,8
6,53,53
6,18,18
7,29,58
8,34,0
1,16,16
8,2,2
