s_j,p_j,d_j
17,2,367
7,6,130
11,5,40
2,19,377
9,13,110
18,4,126
10,4,123
1,14,98
7,2,302
6,1,352
5,9,307
12,17,215
13,12,372
13,11,307
6,13,337
3,12,136
17,3,74
8,18,134
13,10,200
14,17,307
9,18,397
7,12,303
11,1,80
13,2,197
6,9,358
6,9,100
12,19,362
4,19,286
13,5,114
8,4,354
14,11,106
11,7,327
15,5,173
17,5,109
3,5,319
16,13,346
11,19,381
13,2,138
15,15,266
5,19,189
9,9,336
1,18,165
11,2,384
15,13,381
10,19,260
19,10,333
9,14,39
2,12,375
9,12,279
16,18,224
1,12,256
13,17,161
2,2,45
6,18,153
8,6,127
7,14,181
12,10,251
10,4,206
14,7,41
18,7,43
4,17,351
2,6,108
16,14,304
4,7,305
13,17,179
10,19,172
18,17,77
8,18,19
5,17,20
9,12,361
11,15,73
2,15,277
18,6,133
18,5,383
10,3,263
2,13,99
10,6,61
4,2,282
8,8,181
10,17,55
