s_j,p_j,d_j
9,88,0
3,70,140
4,79,0
9,29,58
2,95,0
6,80,160
2,32,32
1,16,32
8,94,94
3,18,0
2,6,12
4,14,28
5,64,128
2,88,0
8,87,0
9,30,60
1,53,106
6,81,0
6,86,86
4,65,65
3,40,80
2,14,0
7,81,0
1,68,68
5,66,66
1,21,21
4,15,0
3,85,0
8,72,72
5,69,138
1,27,54
6,97,194
8,87,174
6,88,0
4,94,0
6,20,0
6,13,0
1,12,24
6,38,76
4,66,66
1,45,90
7,33,66
9,69,69
7,80,160
8,17,17
8,66,0
5,57,0
9,38,38
2,20,0
5,57,114
7,56,112
4,22,0
7,18,36
3,49,49
1,26,52
5,33,0
3,40,0
1,70,70
4,2,0
7,8,16
3,47,94
2,73,73
9,74,0
8,38,0
3,49,98
9,8,0
5,34,68
3,94,188
9,59,118
1,48,48
4,43,43
4,69,69
6,72,0
5,59,118
7,29,0
4,88,88
2,25,0
7,38,76
9,54,0
8,38,38
1,65,65
9,32,0
3,59,118
8,62,62
8,17,34
5,46,92
1,47,94
6,58,116
1,23,23
4,34,0
