s_j,p_j,d_j
3,59,118
7,84,84
1,91,91
2,1,1
3,67,67
6,59,118
6,29,0
1,41,82
7,31,0
4,78,78
1,60,120
9,79,158
3,97,0
1,88,88
4,53,53
6,18,18
6,74,148
4,44,88
3,91,91
7,95,95
3,30,30
5,66,132
6,56,0
1,54,108
8,39,78
2,80,0
2,74,148
3,7,0
4,59,0
1,58,0
5,30,30
1,94,188
1,16,16
5,7,14
2,92,0
9,1,0
4,86,0
1,58,0
4,94,188
1,36,0
7,74,74
4,59,118
3,91,91
7,8,8
5,25,0
4,79,158
3,9,9
7,21,0
6,79,0
3,83,166
1,40,0
3,76,0
8,59,59
7,28,0
4,55,55
2,86,172
4,63,63
7,33,33
5,21,21
8,36,36
7,57,114
5,12,24
2,30,60
8,28,28
8,82,164
1,87,174
9,29,0
5,92,92
9,79,0
7,8,0
