s_j,p_j,d_j
9,92,92
4,42,84
1,42,42
7,11,0
2,51,51
8,20,20
4,76,0
4,24,48
2,28,56
2,80,0
9,60,0
1,18,0
2,32,0
3,56,56
6,37,74
6,34,68
9,48,48
3,13,26
5,39,0
6,8,8
9,4,8
8,86,86
9,15,0
4,45,45
3,73,73
3,1,0
7,77,0
2,96,96
3,71,0
2,87,0
7,50,100
9,76,152
4,9,18
3,79,158
9,57,57
7,46,46
4,20,0
9,11,11
3,32,64
6,59,59
3,94,0
3,48,0
2,83,83
4,72,0
7,36,0
5,95,190
6,63,63
7,83,166
8,60,120
5,55,110
3,63,0
8,84,168
9,31,0
4,39,39
3,13,26
6,38,0
5,77,0
6,62,0
8,40,0
7,87,0
