s_j,p_j,d_j
2,63,0
3,25,0
4,11,22
7,82,82
5,64,0
9,83,0
4,44,88
9,87,174
8,10,10
7,52,104
4,77,0
1,19,0
3,51,102
5,23,0
9,16,0
8,25,50
9,40,80
2,60,60
1,24,24
4,43,43
5,44,88
1,10,10
8,82,0
7,64,64
5,22,22
5,15,30
4,1,1
7,86,0
4,6,0
5,98,196
8,12,0
9,80,80
9,28,28
3,45,90
8,51,102
7,3,3
5,34,0
4,57,0
9,74,148
9,59,59
7,24,24
8,32,32
9,96,0
6,49,0
3,68,68
7,48,48
8,30,30
9,63,126
6,14,14
7,50,0
3,19,19
7,77,0
7,29,0
1,38,38
7,41,0
2,89,178
4,65,0
8,18,0
4,86,86
8,88,88
5,89,89
6,70,140
4,81,0
9,77,0
7,25,25
7,29,0
8,14,28
4,34,68
2,65,130
9,92,92
