s_j,p_j,d_j
1,57,57
1,61,0
2,55,0
9,56,0
8,33,33
4,72,144
3,65,130
8,89,178
5,79,79
8,32,64
7,45,90
9,33,66
9,65,65
9,4,0
2,56,112
5,73,73
4,27,54
6,40,40
6,43,86
3,79,79
4,4,8
4,30,0
6,62,62
4,6,12
4,47,47
8,44,44
4,42,42
6,15,0
4,1,2
1,91,91
7,59,118
7,48,0
5,24,0
8,83,0
2,95,95
3,72,72
4,25,50
5,48,96
1,94,0
7,88,176
7,39,39
8,62,0
3,31,31
3,69,0
3,25,0
6,86,172
7,17,0
3,63,126
1,78,78
9,40,0
1,96,192
7,20,40
9,52,52
8,77,77
3,90,90
5,4,8
1,83,0
4,34,68
2,78,156
7,17,0
1,67,134
3,88,88
4,50,100
3,67,67
1,47,0
1,86,0
1,91,0
3,73,73
3,48,96
6,60,60
4,44,0
8,41,41
8,34,0
2,31,0
9,39,78
5,42,0
4,8,16
5,19,38
7,8,16
2,53,106
9,63,0
7,51,0
1,70,0
8,48,96
3,53,53
5,42,42
4,74,74
1,11,0
6,70,70
5,21,0
