s_j,p_j,d_j
4,85,0
9,27,54
8,15,15
8,31,0
4,66,132
9,83,166
2,35,35
4,75,75
2,44,44
4,49,49
1,24,24
5,15,30
1,90,180
2,3,6
2,62,124
8,42,84
9,92,184
7,13,0
7,64,64
5,4,4
8,4,0
6,37,37
3,46,0
5,21,42
6,1,2
1,10,10
4,94,0
8,29,58
5,70,140
6,24,24
1,97,97
4,55,110
9,44,44
5,40,0
5,20,20
3,85,0
3,1,0
4,15,0
7,45,0
3,53,106
7,14,14
7,18,0
7,52,52
5,82,164
9,50,50
8,92,184
8,60,60
8,62,124
9,8,0
8,35,35
7,44,88
6,1,1
9,57,57
2,64,0
8,62,62
1,96,0
8,69,69
5,53,53
5,18,36
1,26,0
2,75,75
3,27,27
9,26,52
3,56,56
5,87,174
5,33,33
7,30,30
1,83,0
7,23,23
1,47,94
6,41,0
2,68,68
9,49,0
1,18,18
1,52,104
3,33,33
7,5,5
8,54,54
8,19,38
7,62,62
