s_j,p_j,d_j
6,88,176
6,64,128
2,24,0
7,40,40
7,45,90
3,77,77
8,3,0
8,71,0
8,1,0
3,94,188
3,89,89
2,55,0
1,18,0
9,6,6
1,45,0
7,7,7
1,27,27
1,25,0
8,52,52
2,85,85
7,1,1
4,24,0
8,6,12
6,19,38
3,84,84
2,96,192
8,29,29
9,32,64
3,44,0
1,69,69
5,70,140
4,87,174
5,84,0
2,5,0
3,4,0
3,9,0
7,42,84
9,44,0
4,96,192
5,64,128
2,61,0
1,18,36
1,84,84
8,86,86
8,42,42
2,48,48
2,56,112
4,43,0
1,72,0
2,27,27
6,38,0
2,35,35
2,16,16
6,86,172
7,37,0
1,70,140
8,26,0
8,80,0
7,57,57
8,49,49
7,5,10
1,15,0
2,24,24
7,41,41
3,3,3
7,69,0
6,89,178
2,82,0
9,50,100
6,1,1
