s_j,p_j,d_j
2,2,0
5,34,68
1,14,0
6,9,9
7,21,21
4,90,0
7,46,46
3,91,91
6,41,82
8,51,0
7,8,16
7,76,0
7,19,0
1,19,38
5,53,0
6,16,0
3,78,156
1,31,62
8,60,120
1,82,0
9,32,32
6,21,21
5,93,186
5,35,35
4,98,196
9,49,98
9,77,154
2,90,90
4,20,0
4,7,0
2,20,40
4,4,8
7,43,0
4,72,0
3,14,28
7,73,0
8,58,116
8,98,0
1,74,74
6,22,44
9,27,27
2,58,0
3,97,0
4,84,0
8,90,90
6,79,0
8,53,0
8,34,34
7,53,106
8,18,0
6,46,92
7,27,27
5,27,27
5,70,0
8,52,104
3,31,31
6,95,95
8,47,94
5,8,0
9,44,88
1,27,0
1,40,0
4,68,68
1,84,84
5,69,138
3,80,0
8,68,0
8,67,0
4,15,15
9,32,0
1,21,0
8,3,3
2,88,176
3,1,2
9,45,0
9,52,0
7,75,75
4,29,0
6,59,0
3,98,0
4,90,180
6,82,0
4,63,0
7,55,110
2,16,0
1,50,0
4,53,0
4,35,70
3,36,36
4,36,0
