s_j,p_j,d_j
6,55,55
6,23,46
2,12,12
2,38,76
9,70,0
1,65,0
5,21,21
9,36,36
9,1,1
1,94,94
7,47,47
9,18,0
7,72,144
7,30,30
9,7,14
6,12,12
1,27,0
7,63,63
8,94,94
5,81,0
7,64,128
3,37,37
8,52,52
3,57,114
4,28,56
3,37,37
9,97,0
9,78,156
7,18,36
5,66,0
2,69,69
7,80,160
6,59,59
7,30,60
1,57,0
9,65,130
8,94,94
6,25,25
2,15,15
3,17,17
5,57,114
4,66,0
8,2,2
8,40,40
1,72,0
8,55,110
7,86,0
3,15,15
9,15,15
9,28,28
9,96,192
5,28,56
4,66,66
5,2,4
3,72,72
7,80,0
9,2,0
3,7,0
8,5,0
1,86,86
3,82,82
4,13,0
9,98,196
3,89,89
1,20,20
3,36,72
7,8,8
2,11,11
5,80,0
1,86,172
9,50,100
9,60,120
1,27,27
5,16,32
4,14,0
3,31,31
3,14,28
3,31,0
3,52,104
6,61,61
8,85,85
8,89,178
7,12,0
7,57,57
1,41,0
1,35,0
3,55,110
1,64,64
5,22,0
4,67,67
