s_j,p_j,d_j
3,45,90
9,19,19
6,97,97
4,1,0
3,84,84
7,96,96
5,36,36
5,83,83
8,34,68
9,74,0
7,45,45
2,40,0
6,25,25
4,88,176
5,97,0
4,55,0
2,41,41
8,19,38
8,87,87
1,57,57
6,19,19
8,9,9
7,92,0
1,82,0
6,84,0
2,33,33
4,7,14
7,43,86
7,52,104
8,38,0
9,68,0
6,7,7
9,98,0
4,21,0
4,88,88
3,68,68
4,59,118
4,12,12
7,25,50
1,65,130
7,31,62
7,68,0
7,17,34
4,87,0
6,51,51
5,5,10
7,34,34
8,6,6
7,12,0
6,63,126
3,2,4
8,64,128
4,46,46
3,11,22
8,54,0
7,55,0
1,90,90
1,81,81
2,1,0
5,22,44
6,48,48
2,84,0
1,83,83
4,31,31
3,72,0
3,4,4
8,49,49
4,83,83
3,23,46
8,27,54
1,76,152
3,86,86
8,78,156
2,68,0
6,43,86
9,74,0
1,20,40
9,27,0
5,17,34
1,21,21
