s_j,p_j,d_j
4,65,130
9,88,176
4,22,44
7,31,62
7,73,73
6,1,1
7,33,33
9,26,0
2,28,28
5,42,42
7,33,33
5,17,17
8,92,0
6,1,0
3,3,3
6,38,0
9,21,42
4,74,148
8,52,0
1,83,166
2,53,0
7,17,17
5,46,0
1,6,12
9,71,142
3,60,0
9,68,68
6,5,5
1,40,80
8,8,8
6,27,27
9,80,160
1,65,130
5,26,52
1,90,0
2,32,32
5,42,84
6,15,30
2,5,10
8,2,0
4,5,0
2,62,124
3,71,142
8,25,0
2,22,22
8,1,1
7,10,20
1,44,0
7,6,6
8,7,14
9,88,0
1,9,18
8,82,0
9,66,66
3,61,0
9,41,0
2,52,52
4,24,0
1,19,0
6,66,132
