s_j,p_j,d_j
9,95,190
6,29,58
6,66,132
1,67,0
6,32,0
3,25,0
7,59,59
3,16,0
4,67,134
4,14,0
9,66,66
5,80,160
8,24,48
4,41,0
4,60,60
1,11,11
6,36,36
3,87,87
5,89,0
3,97,194
3,92,184
4,67,67
8,45,90
3,61,122
7,75,150
5,50,100
1,70,140
9,55,55
1,86,0
1,36,72
8,39,78
6,49,98
2,54,108
4,67,134
6,62,62
8,84,84
4,34,68
6,87,174
2,64,0
1,25,50
7,67,134
7,96,192
2,79,79
5,53,0
5,74,0
9,11,22
7,22,0
9,56,56
5,24,24
9,39,78
7,24,24
4,52,104
5,78,78
2,71,142
7,8,0
5,45,90
6,51,102
1,85,85
9,61,61
5,63,126
5,7,0
3,7,14
4,73,146
1,73,0
9,70,70
2,91,182
2,84,84
5,78,78
3,15,15
5,53,0
6,47,47
4,3,0
8,50,100
8,10,20
2,78,156
2,10,10
4,63,126
6,90,0
4,22,0
9,97,0
