s_j,p_j,d_j
3,2,218
6,1,206
11,11,414
19,16,130
16,2,271
3,6,294
19,4,129
8,11,224
5,6,198
15,12,306
3,8,415
17,14,362
18,10,312
7,1,311
1,12,181
11,13,404
11,17,122
15,3,342
9,7,244
10,7,110
6,12,397
11,1,122
16,14,410
11,10,214
7,9,412
4,15,328
13,10,395
5,15,420
17,7,354
5,18,220
12,7,29
12,3,306
6,11,41
4,1,324
15,9,68
5,18,144
2,17,76
17,6,53
13,15,351
6,8,36
2,18,190
3,11,328
14,15,447
12,11,40
3,16,182
1,14,322
10,16,339
15,14,141
16,6,241
9,18,161
1,10,194
10,15,328
19,6,374
5,14,282
15,17,262
9,5,306
19,15,273
17,8,397
14,16,213
4,9,44
16,14,50
4,6,1
10,19,154
1,2,89
18,16,425
12,17,442
15,1,140
3,19,52
4,18,230
6,13,83
13,3,6
5,9,431
5,10,133
11,6,258
18,2,244
5,10,439
2,4,63
4,11,23
9,3,86
7,14,105
2,7,63
1,2,100
5,8,274
16,10,139
14,9,267
4,13,36
2,18,133
6,4,144
8,13,201
10,18,343
