s_j,p_j,d_j
1,69,0
7,93,0
4,33,33
7,62,0
1,50,0
5,9,18
6,16,32
5,70,70
3,58,116
2,68,68
6,6,12
1,1,1
3,77,154
5,93,0
9,22,44
8,98,98
1,23,23
7,90,90
5,30,60
2,62,0
9,79,79
8,5,0
2,91,91
3,33,33
2,78,0
7,62,0
6,39,39
6,40,80
1,62,62
5,62,0
2,42,42
4,39,39
2,56,56
9,70,70
9,11,11
5,67,134
3,68,0
3,89,0
6,83,166
1,5,0
7,70,70
6,43,86
2,79,0
2,47,94
5,46,92
2,51,51
5,10,10
2,89,0
8,40,0
7,42,84
5,3,6
3,9,18
5,33,66
2,65,65
7,34,0
9,14,0
3,16,0
9,60,60
9,71,0
7,23,23
6,16,32
5,55,0
5,60,0
5,65,65
4,10,20
5,85,85
9,60,60
2,51,0
4,8,8
4,82,0
