s_j,p_j,d_j
7,6,0
7,23,46
3,25,50
3,70,140
2,23,23
9,69,0
4,94,94
7,10,10
6,56,0
7,69,138
3,9,0
7,17,17
5,37,37
7,83,166
5,55,0
6,83,83
4,10,0
3,91,0
4,59,0
6,19,19
5,32,64
1,19,19
8,28,0
4,17,0
5,58,116
6,50,0
5,85,0
4,17,17
1,9,18
6,74,0
1,60,0
7,57,0
4,92,92
8,96,96
8,51,102
1,5,5
8,68,0
8,32,64
6,51,0
9,49,49
1,21,42
6,10,20
5,15,15
3,82,82
3,20,20
5,59,118
2,45,45
8,83,83
3,75,75
9,24,48
6,13,26
9,97,194
2,91,91
5,68,136
3,21,42
1,20,20
5,70,70
9,66,132
1,50,0
2,79,0
9,81,162
1,98,196
7,94,94
1,52,104
8,1,1
2,17,0
6,97,0
2,42,84
5,24,48
8,49,98
4,18,18
1,72,144
9,47,94
4,4,0
3,13,26
2,64,128
8,78,0
7,17,0
4,94,188
3,65,65
