s_j,p_j,d_j
1,42,42
1,15,30
4,93,93
9,7,14
7,48,48
2,16,32
4,46,0
1,92,184
5,97,97
9,83,83
5,73,73
5,62,124
2,37,74
8,6,6
7,67,67
4,46,92
4,26,0
3,90,180
3,47,94
9,8,0
7,37,74
1,80,80
3,3,0
5,28,56
1,21,21
1,45,0
3,7,14
7,47,94
2,80,160
4,1,1
2,1,0
3,34,34
9,44,0
6,40,80
5,90,90
3,97,0
7,37,74
7,68,68
9,70,0
9,56,56
7,79,158
1,37,74
7,23,23
9,38,76
1,95,190
3,64,128
2,49,49
3,41,0
6,46,92
8,77,77
5,37,37
2,71,71
4,64,0
1,6,12
3,76,76
2,65,65
7,86,86
1,22,22
8,88,176
7,67,0
3,87,0
7,11,0
6,4,8
1,39,78
8,21,42
3,54,108
1,37,74
5,63,126
9,41,41
7,21,21
1,12,12
4,51,102
6,51,0
8,40,40
7,88,0
4,95,190
1,85,85
2,90,90
4,67,0
2,32,64
