s_j,p_j,d_j
4,59,59
3,87,0
8,93,186
7,84,168
5,68,68
2,44,44
1,44,0
1,90,180
8,36,0
8,2,2
9,50,100
9,37,37
2,57,114
5,22,44
5,14,0
7,42,0
1,20,0
5,53,53
6,98,98
3,17,34
5,13,26
3,54,108
7,34,34
5,1,0
8,86,172
8,86,172
1,95,95
1,64,64
3,27,27
5,86,172
3,89,178
6,61,122
7,49,0
1,73,0
3,95,95
3,97,194
8,36,36
5,95,95
1,90,90
4,97,0
8,90,0
5,2,4
6,20,0
7,3,6
9,98,98
7,70,0
9,23,23
9,63,126
7,50,0
9,72,72
6,67,67
7,33,66
1,82,0
1,57,114
7,24,0
5,77,154
3,64,128
6,57,57
7,6,12
7,28,0
2,65,65
4,94,188
5,41,0
2,60,120
1,2,0
4,83,166
3,32,32
2,36,72
8,10,10
5,9,9
7,80,0
7,81,162
9,32,32
5,66,66
6,27,54
5,22,44
7,83,83
3,62,124
5,52,52
6,86,0
