s_j,p_j,d_j
1,59,118
3,59,118
2,32,64
7,73,146
1,35,0
1,43,86
3,89,178
8,37,74
8,85,170
3,81,162
3,32,32
3,13,26
3,77,0
7,19,19
7,90,180
9,22,0
3,27,27
7,36,72
5,91,0
8,92,0
1,33,0
7,18,0
4,49,0
8,42,42
5,61,0
4,34,68
1,95,95
2,91,0
6,98,196
5,22,44
2,3,3
9,62,124
6,67,134
2,11,11
6,72,72
5,85,85
1,89,89
2,51,0
7,51,51
3,58,58
9,27,27
7,8,0
1,29,58
6,18,18
9,40,40
2,56,0
6,52,0
7,46,46
2,31,0
3,34,68
3,17,0
6,34,0
6,40,40
7,50,0
5,83,0
8,94,94
9,58,58
7,83,83
2,25,0
4,97,194
9,35,35
6,3,0
9,90,90
1,92,92
4,53,0
3,95,190
1,35,70
2,62,62
1,76,0
9,40,40
