s_j,p_j,d_j
7,33,0
7,5,10
5,66,0
9,69,69
7,19,19
9,53,0
4,93,93
2,19,19
2,88,0
9,14,0
6,10,10
1,73,73
1,54,0
4,24,24
8,48,0
6,82,164
4,81,0
3,1,2
6,33,33
5,84,0
3,30,60
5,14,28
4,41,82
9,89,178
6,24,24
1,3,6
8,27,0
2,85,0
2,9,0
7,35,70
5,78,0
7,60,60
5,6,12
5,69,69
5,58,0
8,1,0
9,21,21
7,62,124
5,55,110
7,4,4
9,30,60
6,41,82
8,33,66
2,40,80
4,85,170
7,38,38
2,27,27
4,52,104
3,93,93
1,26,26
5,8,16
6,66,66
2,9,18
8,94,94
8,52,104
1,68,136
6,96,192
4,92,184
9,92,184
7,59,0
