s_j,p_j,d_j
9,75,75
2,18,18
4,39,39
3,19,38
8,65,130
7,55,110
9,61,122
6,94,188
9,81,162
5,55,110
5,40,0
1,62,0
4,47,94
1,44,88
9,8,16
4,38,0
6,37,74
1,52,0
6,5,10
3,70,140
9,31,0
4,96,96
7,37,74
2,53,53
3,27,0
5,34,68
6,24,24
7,85,0
8,86,86
2,49,49
3,25,50
1,48,96
3,73,0
5,7,0
1,84,84
6,55,55
1,47,94
3,26,26
3,18,36
3,85,85
5,3,0
4,8,0
7,38,0
3,69,0
4,46,46
2,80,80
6,85,0
9,57,57
8,26,52
2,76,152
3,92,92
9,13,26
7,90,180
5,86,172
3,47,47
6,74,74
1,20,40
2,33,66
9,72,0
7,28,56
6,50,100
7,84,168
3,18,36
1,31,31
7,41,82
2,26,52
9,29,58
2,94,94
1,75,150
2,42,42
