s_j,p_j,d_j
16,14,215
12,2,204
12,9,340
17,6,159
14,13,293
5,13,149
19,18,84
9,14,119
1,10,55
19,18,232
15,4,374
6,19,395
4,17,8
3,3,295
10,18,174
1,10,206
8,1,228
1,17,68
4,19,229
12,2,351
17,3,65
6,12,214
14,2,354
3,12,224
13,1,388
5,7,52
4,15,241
15,11,128
7,3,24
12,3,20
10,2,85
12,17,7
10,17,1
17,17,181
16,3,73
11,2,16
2,8,345
19,11,211
1,11,114
2,7,184
5,12,83
7,3,228
15,17,284
3,16,11
19,13,154
17,15,51
5,12,256
3,8,24
6,16,93
18,2,290
4,19,11
10,17,110
14,19,335
6,11,75
19,2,61
2,10,395
3,1,42
16,19,210
1,2,34
8,7,380
2,3,47
18,13,292
3,18,370
9,5,260
1,10,263
3,12,137
6,13,114
6,12,26
18,19,248
3,18,185
4,18,302
11,3,246
11,4,12
11,13,165
9,9,52
7,12,212
7,5,165
3,19,44
11,12,211
18,15,307
