s_j,p_j,d_j
1,38,76
4,39,39
8,63,126
3,31,0
4,22,0
2,36,72
4,80,160
8,27,0
1,63,126
3,40,80
7,27,27
9,74,148
1,49,49
2,98,98
3,98,98
7,86,86
6,29,0
2,19,0
9,5,0
3,79,158
7,65,65
2,58,116
3,66,132
4,70,140
7,76,152
2,61,0
3,96,192
8,98,196
5,28,56
1,36,0
7,82,0
5,96,0
7,62,62
5,82,164
6,75,75
9,82,82
2,69,0
4,29,58
4,73,73
8,81,0
7,22,44
1,50,100
8,94,188
1,77,77
7,25,50
4,91,182
8,88,88
4,43,43
6,38,0
6,56,112
1,7,14
1,68,136
2,67,67
2,76,0
6,68,68
1,35,0
9,16,16
3,47,0
6,16,32
6,95,0
6,78,0
9,98,196
8,78,156
1,55,110
4,90,90
8,93,0
4,49,0
2,15,0
4,32,0
6,41,41
2,46,46
1,1,0
3,70,140
7,7,0
8,97,97
1,61,61
3,63,126
2,92,92
8,69,69
5,10,10
