s_j,p_j,d_j
6,52,0
4,56,56
7,76,152
6,24,24
4,14,14
7,2,0
6,75,75
4,79,0
3,22,0
1,87,87
2,45,0
4,46,46
2,52,104
5,7,0
1,17,0
5,19,0
8,56,112
6,75,0
8,46,92
1,16,16
6,20,20
7,48,96
7,95,0
2,55,55
1,32,32
4,60,0
9,51,102
5,78,156
9,70,0
1,37,74
8,56,56
1,29,0
7,35,35
6,66,132
2,29,58
1,38,38
3,46,46
6,71,0
8,21,0
1,3,3
1,5,10
8,70,140
2,45,0
8,72,144
8,15,0
4,11,0
8,71,0
2,48,48
7,70,140
1,5,5
7,49,0
1,12,12
5,72,144
6,37,74
1,17,17
2,58,58
3,5,10
4,77,0
5,25,25
2,35,0
3,86,86
9,76,76
3,63,63
8,49,98
9,96,192
5,54,54
1,67,134
3,69,138
6,70,70
4,72,0
