s_j,p_j,d_j
9,51,0
3,40,80
9,18,18
4,42,84
4,28,28
4,43,43
9,75,150
8,84,0
2,30,60
7,65,130
5,2,4
9,92,0
2,22,44
2,8,16
3,17,34
5,51,102
2,68,0
3,41,82
1,30,60
1,53,0
6,67,67
5,8,0
3,87,174
9,43,0
2,62,124
5,19,19
7,5,5
9,90,180
9,28,28
5,18,0
4,96,96
1,25,25
8,59,0
3,38,38
2,88,88
3,11,0
3,53,106
3,42,0
5,42,42
1,46,0
3,50,0
1,40,80
3,98,196
3,78,78
5,52,52
7,76,152
3,18,18
8,53,106
1,76,152
9,26,52
3,54,108
9,13,26
8,43,86
4,74,74
7,61,61
4,18,0
9,51,51
5,3,3
7,2,0
6,20,20
5,96,96
2,22,44
1,17,17
1,93,93
2,78,0
7,56,0
9,9,18
8,8,16
7,91,182
8,50,0
3,18,0
9,15,0
3,56,0
7,59,118
8,23,0
4,84,168
8,30,0
8,18,36
9,85,170
7,95,95
4,94,0
2,80,0
3,38,76
9,21,0
8,69,0
3,65,0
4,57,0
8,82,164
3,20,40
9,15,0
