s_j,p_j,d_j
2,59,59
6,53,0
6,70,0
1,93,186
6,7,7
6,10,0
1,24,48
1,47,47
5,62,124
2,10,10
6,47,47
9,95,0
2,21,42
2,68,136
4,24,0
7,72,72
9,86,172
4,68,68
4,92,184
6,20,0
6,72,0
3,34,0
6,89,89
4,44,0
9,15,0
4,43,0
1,76,76
3,64,128
5,74,148
5,63,126
7,26,0
7,64,128
7,35,70
1,28,28
8,34,34
8,76,76
7,12,24
3,24,24
7,72,144
3,63,126
8,92,92
9,5,0
7,60,60
1,63,63
8,98,0
8,21,0
2,36,0
2,77,77
2,21,21
3,24,0
4,16,32
3,33,0
4,96,0
4,97,0
8,45,90
4,30,0
5,36,36
6,76,152
4,72,72
3,86,172
