s_j,p_j,d_j
6,2,322
7,12,134
14,2,191
9,13,314
9,11,320
3,8,197
4,14,13
5,17,337
14,14,166
7,7,81
18,9,49
1,14,255
2,16,87
6,18,57
9,13,185
16,4,118
12,7,138
9,19,346
18,11,3
10,8,99
3,1,181
11,4,224
6,11,38
6,18,147
3,18,10
6,4,104
3,13,156
14,1,82
8,17,223
5,18,200
4,7,113
4,5,275
2,15,261
10,2,321
8,7,200
15,2,346
10,4,86
19,8,120
17,7,37
5,16,129
4,1,332
1,17,347
7,7,160
16,18,321
6,13,223
18,5,31
18,14,70
16,11,197
7,1,39
15,8,321
6,11,90
1,19,216
2,9,282
5,13,98
11,13,147
4,14,207
17,6,210
15,3,267
16,13,172
10,12,10
4,11,268
14,9,114
16,14,323
1,5,148
10,13,107
10,5,274
18,12,233
7,10,158
5,4,181
10,1,242
