s_j,p_j,d_j
4,55,110
2,26,52
4,87,174
2,55,110
8,62,0
5,56,112
5,97,194
5,43,43
9,97,97
5,42,84
9,71,142
2,18,18
8,59,59
4,9,9
9,60,0
4,50,100
1,63,63
4,43,43
2,52,104
1,6,12
3,11,11
2,10,0
5,88,176
9,1,0
1,92,92
9,98,98
9,73,146
4,94,0
3,24,0
9,98,0
2,51,51
8,21,0
6,20,20
7,97,97
9,71,142
1,8,16
2,30,60
6,37,0
6,17,0
1,39,39
3,62,124
1,70,140
9,50,100
7,76,152
9,79,0
9,14,0
3,47,47
5,70,70
4,50,50
5,1,0
1,8,8
2,84,168
4,97,97
3,98,98
5,64,0
9,79,79
9,9,9
5,32,0
1,18,36
6,70,140
6,51,102
5,81,162
6,21,42
5,55,0
2,20,20
5,33,0
4,71,71
5,10,20
6,97,0
3,75,75
