s_j,p_j,d_j
7,26,26
7,57,114
9,96,96
5,9,0
4,81,0
2,6,6
5,5,0
3,36,36
6,7,14
6,71,0
6,37,0
7,72,0
6,2,2
3,85,85
6,52,104
4,61,122
2,77,0
4,15,15
4,48,96
6,14,14
6,2,4
6,20,40
6,30,0
8,50,0
8,23,46
8,32,0
8,79,158
8,98,196
8,29,29
7,70,140
2,69,69
1,15,30
1,34,0
3,84,84
2,32,32
2,98,196
5,53,53
2,96,0
4,59,0
2,92,184
3,62,62
7,50,50
9,95,95
2,91,91
7,66,66
9,1,0
1,8,16
8,2,2
1,25,0
2,22,22
1,10,20
3,26,26
6,83,166
8,61,122
8,21,42
9,8,8
7,14,0
8,28,28
5,72,0
5,36,0
