s_j,p_j,d_j
3,22,0
8,30,0
8,87,0
3,43,0
6,54,54
5,60,0
8,72,72
1,50,100
9,50,100
4,27,54
4,44,88
4,43,86
2,47,0
6,48,48
9,8,16
4,42,84
9,88,176
1,92,184
2,9,18
1,56,56
7,75,150
6,27,27
2,40,40
4,9,18
8,88,0
4,70,140
8,64,0
2,77,0
2,31,0
1,5,5
6,95,190
4,60,0
3,91,0
2,27,54
6,47,94
5,84,84
8,88,88
6,77,77
9,16,0
7,33,33
8,11,22
3,20,20
7,14,28
7,78,156
1,29,58
7,47,94
6,53,53
3,23,23
9,17,0
1,69,69
9,82,164
5,26,26
2,38,38
4,85,85
1,41,0
6,27,0
7,98,98
8,4,4
4,61,61
6,76,0
