s_j,p_j,d_j
6,69,69
4,49,0
4,31,0
1,53,106
2,8,8
9,8,16
1,56,112
9,71,142
1,96,192
9,70,70
2,91,0
5,1,1
2,71,0
2,90,0
2,23,23
7,50,50
1,16,0
1,37,74
5,48,0
3,42,42
6,76,0
8,5,0
1,88,0
9,23,46
3,74,74
4,7,0
6,23,23
1,95,95
7,27,27
6,89,0
4,54,0
4,59,59
2,85,0
5,71,142
1,41,0
3,10,20
1,6,0
9,84,168
6,62,0
8,61,61
5,66,66
7,3,3
4,34,34
8,78,0
2,48,0
6,62,0
7,48,0
3,62,62
4,48,96
1,91,182
5,7,14
8,4,8
1,87,0
1,89,89
2,86,172
3,24,24
6,22,44
5,50,100
8,70,0
5,32,32
8,89,89
1,54,54
5,56,0
1,77,154
1,10,20
9,57,114
1,79,0
2,38,38
7,9,0
6,90,0
3,84,0
3,22,0
6,74,0
9,64,128
5,11,0
8,63,0
8,52,104
9,28,0
3,81,81
9,89,0
6,57,0
1,23,23
9,77,154
2,47,47
4,46,92
3,82,0
4,27,27
5,82,82
3,34,34
6,34,68
