s_j,p_j,d_j
6,51,102
8,90,0
8,54,0
5,3,6
1,17,0
5,20,0
5,72,144
7,38,0
3,51,51
9,88,0
6,24,0
9,4,0
7,2,2
9,66,0
8,22,22
5,87,0
2,36,36
1,21,21
6,78,78
2,22,22
1,27,27
3,88,176
9,64,0
5,48,0
6,95,190
4,85,0
9,2,4
8,63,126
9,91,0
5,81,81
9,79,158
6,2,2
4,1,2
3,90,0
1,1,1
1,37,37
9,96,192
2,1,2
7,65,130
5,37,37
7,61,122
8,19,0
4,11,11
4,37,0
9,47,0
8,12,0
2,12,24
1,49,49
4,27,27
4,26,26
2,86,0
2,22,22
4,98,196
9,4,4
3,35,70
5,44,0
3,38,0
7,89,0
8,67,67
5,49,0
7,16,32
9,2,0
4,39,78
5,13,0
5,26,52
2,40,40
3,83,166
8,84,168
2,94,0
9,8,16
