s_j,p_j,d_j
3,78,0
3,6,6
7,39,0
5,70,0
8,2,2
7,86,86
6,72,0
4,94,0
4,56,0
6,81,162
6,93,93
7,48,48
8,54,54
6,93,93
1,46,0
5,28,0
4,97,97
5,4,4
7,22,22
4,87,87
5,84,168
9,2,0
5,14,0
1,20,20
7,19,38
4,51,0
4,52,52
2,12,12
7,11,11
5,35,0
4,96,192
6,97,194
2,65,130
7,7,7
4,27,0
3,27,0
9,1,0
7,3,6
2,32,64
2,34,34
1,88,88
4,73,146
2,4,4
9,36,72
2,96,192
1,86,0
2,80,80
3,62,62
6,7,14
4,80,80
5,51,102
2,70,70
9,71,0
1,76,0
3,46,0
3,72,0
8,35,0
5,54,54
3,28,28
7,6,12
8,94,94
9,42,42
2,68,0
1,54,0
2,37,0
6,7,0
2,61,61
1,48,0
2,16,32
9,82,164
