s_j,p_j,d_j
4,74,74
5,28,28
8,94,0
9,28,56
9,61,122
4,24,48
8,91,91
9,77,0
3,16,32
8,17,0
3,72,0
5,33,66
4,96,96
6,81,81
9,77,154
2,9,9
4,88,88
9,1,2
5,36,36
3,13,13
6,28,28
2,4,8
9,89,178
8,89,0
2,86,172
5,13,0
4,24,0
9,60,60
2,29,29
4,79,79
3,54,0
3,26,0
5,9,0
6,85,170
3,61,122
5,1,1
8,97,0
7,82,82
4,65,0
7,93,186
7,70,70
4,63,126
6,1,0
8,41,82
5,52,0
1,73,0
9,12,12
5,82,164
5,84,168
6,30,30
8,12,12
2,40,80
1,7,0
5,12,12
4,46,46
7,54,54
1,41,0
2,19,38
8,55,110
1,41,0
3,2,0
1,28,0
5,55,110
4,83,166
8,1,2
8,33,33
7,52,52
3,91,0
8,76,0
8,24,0
3,78,78
1,43,43
5,18,18
8,74,148
7,94,188
7,76,0
3,22,44
5,53,53
4,62,124
8,33,0
5,78,78
2,2,4
8,94,188
6,49,0
5,35,70
7,97,97
9,27,54
8,76,152
7,22,22
3,88,176
