s_j,p_j,d_j
5,16,32
8,58,116
2,37,0
4,38,76
5,77,77
1,48,0
1,57,57
5,68,0
6,4,8
6,41,0
1,24,48
8,93,186
6,44,0
6,35,70
3,47,0
8,95,0
2,24,0
9,61,61
9,8,8
9,14,14
3,96,192
1,42,42
7,85,0
4,13,13
4,6,12
7,50,50
9,60,60
2,48,96
6,87,87
4,4,0
6,46,46
8,39,0
4,30,60
1,42,84
9,25,50
7,54,0
5,94,94
6,1,2
5,73,146
6,49,0
2,46,0
8,79,0
9,68,68
3,58,0
4,25,0
3,90,180
8,32,32
1,73,146
9,56,112
6,74,148
9,50,50
1,26,0
5,53,53
3,87,87
7,30,30
1,27,54
2,77,154
8,81,162
9,15,0
4,58,58
7,86,172
7,72,72
1,77,0
9,55,110
5,23,0
5,69,138
6,35,35
2,77,154
9,94,188
2,25,50
3,79,79
1,58,116
7,25,25
2,84,84
1,54,108
2,17,34
5,56,0
4,77,154
3,28,28
3,46,92
4,77,0
1,25,50
6,57,0
1,84,168
4,20,40
7,45,45
5,33,0
5,63,0
5,66,132
6,47,94
