s_j,p_j,d_j
9,90,0
1,78,156
3,45,0
7,19,0
2,46,46
7,41,41
6,45,90
7,3,0
8,15,0
7,62,0
6,54,0
6,56,0
5,9,18
4,44,0
5,94,94
3,1,1
7,47,47
5,36,0
6,8,8
7,54,0
1,52,0
7,90,180
2,85,85
1,18,18
7,68,136
7,14,14
3,50,0
3,58,116
5,69,69
2,80,0
5,44,88
7,37,0
9,56,56
3,4,0
7,20,0
2,74,74
5,16,16
5,86,172
7,77,77
4,53,106
6,29,58
2,84,0
8,12,24
8,43,43
9,51,102
6,76,0
9,36,36
9,39,78
2,67,0
8,27,27
5,15,0
5,3,3
7,22,22
8,30,60
6,48,0
1,46,46
4,89,0
3,11,11
6,77,0
1,8,0
3,98,98
4,36,36
4,58,0
4,87,174
1,52,52
1,17,17
4,60,60
2,55,55
6,20,0
4,9,0
3,52,52
9,64,0
2,76,76
7,83,83
7,28,56
7,93,93
3,98,98
2,12,12
3,16,0
2,59,59
6,88,0
2,7,7
6,41,41
2,11,0
2,2,2
2,51,102
4,27,54
5,94,0
1,54,108
8,69,0
