s_j,p_j,d_j
7,95,190
9,5,0
3,25,0
8,14,0
3,64,128
9,96,192
6,50,100
5,20,0
3,56,0
4,95,95
6,55,0
6,92,92
1,82,164
5,89,0
7,28,28
6,75,150
4,73,73
4,59,59
1,27,27
4,36,72
9,41,82
9,2,4
8,21,42
8,55,110
5,29,0
8,45,45
9,66,0
5,57,0
8,82,82
3,71,0
2,38,76
3,43,86
4,10,10
9,55,55
6,24,0
1,38,76
4,89,0
8,3,3
3,37,74
2,34,0
6,13,0
6,69,138
2,40,0
8,17,17
6,67,0
4,95,95
2,90,0
5,56,0
3,95,190
6,8,16
7,31,31
7,61,61
8,58,116
2,49,49
1,6,12
2,51,102
7,21,21
4,81,0
7,75,150
7,59,118
