s_j,p_j,d_j
5,32,32
2,84,0
6,58,116
3,63,0
3,10,0
3,77,154
2,27,54
2,90,0
3,57,57
9,48,96
5,24,48
5,92,92
7,52,104
3,60,120
8,9,0
8,3,3
1,56,0
9,22,0
3,24,0
6,88,176
1,9,9
2,6,6
8,48,0
7,31,31
2,10,10
1,89,0
8,61,61
2,31,62
4,17,34
7,92,184
9,17,34
2,92,0
1,33,33
7,2,0
1,75,150
9,33,33
2,29,58
2,94,0
8,48,0
7,54,0
7,51,51
4,94,94
5,14,14
8,88,88
3,70,0
8,62,62
2,87,0
3,94,0
8,93,0
5,36,72
2,98,0
4,18,36
3,37,74
1,37,0
7,95,0
8,44,0
1,47,47
6,18,0
7,38,0
7,81,0
1,69,138
2,31,31
2,27,54
7,19,0
7,58,116
2,90,0
7,40,40
7,12,0
7,31,62
8,18,36
2,38,76
9,38,76
1,87,87
4,80,80
3,17,0
9,3,6
2,73,73
2,31,62
4,23,46
9,46,46
