s_j,p_j,d_j
2,65,130
5,67,67
4,1,2
9,35,70
6,23,0
4,6,6
6,91,182
6,64,0
5,86,0
5,5,0
1,3,6
4,67,67
3,92,92
8,42,84
4,58,116
7,47,94
9,63,0
8,48,0
5,23,46
9,78,156
6,82,0
6,49,49
7,77,77
2,34,34
7,69,0
8,65,0
1,48,0
6,86,86
1,31,0
8,75,150
8,23,0
8,46,92
9,80,160
7,56,56
7,7,7
5,73,0
2,23,46
2,86,0
7,6,6
4,26,0
7,87,174
7,42,0
9,52,52
1,91,91
7,19,38
2,19,0
1,66,0
2,98,196
4,79,158
1,68,68
1,16,32
2,71,71
3,84,84
5,53,53
7,75,75
6,65,0
3,11,0
8,87,87
3,14,28
6,52,52
2,93,186
8,33,0
6,87,87
4,70,0
9,83,0
8,33,0
2,69,0
1,31,0
3,20,0
7,2,2
2,28,28
2,17,0
5,33,66
8,1,1
3,38,76
6,73,73
2,8,8
5,63,126
6,98,98
5,17,34
