s_j,p_j,d_j
8,89,0
7,72,0
7,67,67
5,62,0
7,20,20
1,13,26
8,63,63
4,70,140
2,80,0
9,31,31
7,40,0
4,8,8
8,67,67
4,66,132
6,71,0
3,45,90
9,14,14
8,47,94
4,11,11
5,46,0
8,64,128
3,62,0
2,24,0
6,68,136
9,36,0
2,43,86
7,51,51
8,13,13
1,82,0
8,92,184
4,85,85
8,2,4
8,6,0
6,24,0
5,53,53
1,69,138
7,33,33
4,84,0
4,18,36
3,6,12
3,9,0
8,96,96
6,26,52
1,70,140
1,11,0
3,40,0
9,84,0
4,64,64
8,76,0
9,25,25
4,85,85
2,84,84
9,90,180
1,48,0
5,2,4
2,47,0
4,59,118
6,71,142
5,19,0
5,42,0
3,91,0
4,33,66
5,81,0
2,73,0
6,51,102
7,2,0
2,36,72
4,78,0
2,38,76
8,91,182
