s_j,p_j,d_j
5,86,86
4,47,94
4,70,0
7,63,126
2,80,0
9,75,150
7,43,86
1,89,0
2,9,0
7,33,66
5,98,196
8,77,154
4,47,47
4,37,74
2,58,116
7,85,85
2,41,82
7,28,28
8,70,140
7,5,10
1,67,0
6,59,118
4,94,94
8,84,84
9,14,14
1,60,120
6,4,4
1,56,0
3,90,0
6,30,0
5,56,112
7,36,36
3,86,0
6,96,192
8,64,64
9,47,47
5,73,0
7,38,76
9,48,96
9,33,33
3,56,112
9,36,0
5,36,72
8,58,58
5,26,0
2,88,88
4,51,102
5,91,182
3,97,194
5,6,0
3,5,5
1,87,87
2,33,33
4,33,33
5,93,0
5,80,160
8,87,174
5,56,56
7,28,56
9,81,162
6,4,0
6,32,32
6,97,194
9,37,0
3,68,68
4,91,182
1,8,0
6,16,32
3,72,0
9,90,180
