s_j,p_j,d_j
7,36,36
2,56,56
4,7,14
6,74,148
5,25,0
9,84,84
7,40,0
1,37,0
5,35,35
4,16,32
9,86,172
3,59,59
7,65,0
9,90,90
1,74,0
1,37,74
5,21,0
6,41,82
4,8,8
6,84,0
1,41,0
3,5,5
7,8,16
2,59,59
5,1,2
7,34,68
6,16,16
5,27,54
5,93,93
9,8,8
9,91,0
7,22,44
1,27,0
4,77,77
6,81,0
4,87,0
8,85,170
5,49,49
9,12,24
2,88,176
3,41,41
7,6,12
9,63,0
9,41,82
5,81,162
7,27,27
5,72,72
2,43,86
1,9,0
5,60,120
9,86,172
7,58,116
1,91,91
2,61,122
3,23,23
4,16,16
7,55,0
4,92,0
4,32,0
5,24,0
5,6,6
9,29,58
8,72,144
6,88,176
8,19,19
5,67,67
5,60,60
4,82,164
2,48,0
2,5,5
