s_j,p_j,d_j
1,63,126
1,25,50
7,15,0
8,81,81
4,66,0
5,58,58
5,41,41
6,14,14
7,67,0
1,92,184
5,91,182
6,53,53
2,24,24
9,94,94
5,82,164
3,69,138
4,26,26
5,39,78
9,82,82
4,40,0
8,70,70
2,35,35
5,61,61
7,34,0
8,5,0
7,91,182
7,75,0
9,71,71
5,78,156
8,42,84
2,81,0
4,32,32
2,22,44
6,63,63
4,53,0
5,4,8
9,50,0
3,50,100
7,59,59
8,80,0
3,71,71
8,88,88
6,31,62
4,78,0
5,61,122
5,64,0
8,23,0
2,74,148
4,73,0
6,64,0
4,86,86
3,45,45
1,82,0
4,61,61
1,91,0
9,61,0
2,76,0
8,10,10
7,13,26
5,2,2
