s_j,p_j,d_j
4,79,158
6,40,0
3,85,0
2,16,32
3,53,0
3,64,64
2,27,27
1,58,58
2,25,0
9,34,68
6,17,17
8,17,34
6,43,43
9,97,97
4,79,79
9,59,59
5,80,160
4,31,31
2,90,90
2,56,0
3,3,6
4,63,126
7,69,0
5,33,0
6,76,76
9,68,136
3,83,0
4,93,93
6,20,40
8,75,75
5,96,192
4,37,37
6,19,0
4,28,0
3,50,50
5,49,49
1,28,0
4,44,0
8,62,124
3,95,95
1,33,0
6,90,0
7,15,15
4,80,80
1,93,93
4,77,0
7,81,162
5,56,112
5,75,150
7,7,0
9,77,0
5,56,0
9,6,6
3,16,0
3,91,182
6,58,0
7,53,0
7,30,0
3,75,75
7,79,79
3,11,22
7,58,58
2,44,0
3,66,132
6,1,0
9,2,0
4,98,98
9,58,58
7,80,80
6,13,26
