s_j,p_j,d_j
8,84,0
9,85,170
7,70,140
9,39,78
3,49,0
5,16,0
9,95,190
8,76,0
1,78,78
8,79,0
8,48,96
1,81,162
5,64,128
9,4,4
3,82,164
3,81,162
6,87,174
3,81,0
3,11,0
7,95,95
6,64,128
9,90,180
6,56,0
1,83,166
2,83,166
1,71,0
5,72,0
8,54,54
3,46,0
7,33,0
4,1,1
7,37,74
5,71,0
5,47,0
6,29,0
9,50,50
5,46,46
8,68,0
3,36,36
3,33,33
9,68,68
2,41,0
7,78,0
5,1,0
1,75,150
8,65,130
6,29,0
2,21,21
7,81,81
9,61,122
1,93,93
5,35,35
9,89,89
7,91,91
4,7,14
4,28,56
5,76,152
5,13,0
2,70,70
3,77,154
1,55,110
5,41,82
2,10,20
7,32,64
9,42,42
9,53,53
8,95,190
3,48,96
7,82,164
6,80,0
