s_j,p_j,d_j
5,63,126
4,74,0
2,65,65
3,26,0
9,2,0
6,96,192
6,40,40
6,87,0
9,35,0
2,73,146
3,90,180
8,68,68
6,78,156
6,65,0
5,39,39
5,51,102
3,6,12
1,65,130
9,29,58
5,29,29
6,93,186
4,56,0
8,91,91
3,88,0
3,24,0
5,20,20
6,38,38
2,96,96
9,9,18
5,85,85
7,10,0
9,82,82
5,69,0
6,16,32
4,85,170
3,87,87
8,29,58
9,92,0
2,67,67
4,10,0
7,49,49
5,1,0
6,88,0
4,70,0
6,49,98
8,98,196
1,16,16
5,58,58
1,7,7
4,40,40
6,92,0
3,94,188
5,11,11
8,98,0
5,6,12
1,59,0
8,26,0
4,20,40
7,37,37
1,65,130
6,49,98
3,33,66
1,12,24
9,63,0
2,25,25
5,70,0
3,72,72
3,7,0
1,87,174
2,12,24
