s_j,p_j,d_j
1,69,69
4,75,75
7,20,0
6,74,148
1,96,192
6,72,144
3,27,54
3,88,0
9,80,160
5,11,11
5,70,0
1,93,93
5,61,0
4,96,0
9,22,22
8,14,14
7,19,0
1,29,58
5,30,30
1,13,0
3,8,8
5,56,56
2,39,78
5,44,0
8,80,0
8,20,20
6,73,73
7,94,94
8,90,90
5,88,0
5,45,0
9,71,71
9,11,0
9,96,192
2,77,77
8,34,0
4,65,0
2,24,24
7,95,190
4,3,0
1,30,60
8,16,0
2,54,54
3,3,3
6,68,68
5,37,0
4,35,70
1,84,0
3,54,0
5,94,94
8,15,15
4,73,146
8,59,59
8,12,0
4,59,0
7,66,0
8,74,148
3,35,70
3,35,0
4,63,126
6,31,0
2,47,47
6,22,22
6,7,14
7,19,38
3,36,0
5,90,90
4,33,0
7,97,97
3,49,49
2,52,0
9,20,20
4,32,0
6,42,42
8,50,0
9,46,46
8,77,0
3,68,0
6,6,6
5,38,0
