s_j,p_j,d_j
2,8,63
10,10,85
15,4,74
7,3,449
12,18,218
2,14,241
7,1,268
1,17,162
6,4,369
2,15,78
18,6,214
2,5,372
3,7,172
13,12,274
3,6,47
16,8,349
17,11,430
16,16,2
6,8,138
16,8,213
8,4,250
9,10,177
12,18,294
18,6,336
17,5,407
12,9,87
18,13,289
2,11,48
9,10,7
7,9,140
13,2,328
14,2,165
17,18,313
5,1,436
18,2,215
5,16,169
4,13,374
16,1,102
15,19,315
8,9,232
6,18,330
13,7,81
17,8,35
15,1,18
8,5,407
18,12,36
2,13,146
11,19,240
16,7,225
5,13,223
17,15,328
8,19,129
2,10,279
12,6,144
11,2,319
17,13,266
16,18,105
7,13,148
2,7,259
9,13,390
18,4,329
11,4,300
5,9,144
10,14,448
8,11,114
5,18,239
17,8,200
8,19,206
12,11,418
1,12,368
15,16,297
13,6,330
18,13,358
19,7,153
11,13,20
13,16,366
17,8,273
18,14,242
4,5,173
12,11,149
7,19,18
12,13,418
4,19,124
5,6,361
3,2,157
5,1,158
15,19,102
14,8,428
1,6,370
7,2,316
