s_j,p_j,d_j
9,80,160
6,46,0
8,29,29
2,98,0
4,24,48
5,3,0
4,60,60
8,39,78
9,1,0
6,49,0
3,15,0
2,84,168
2,39,78
4,17,0
3,29,58
3,26,26
6,55,55
2,61,61
6,96,192
8,58,116
4,80,80
4,72,0
5,53,0
3,38,0
1,63,126
9,66,0
9,55,110
1,43,0
6,2,4
9,96,0
3,88,176
2,35,35
9,79,158
7,60,0
4,27,54
5,94,0
6,83,0
2,86,172
5,98,0
3,67,134
1,14,0
4,9,18
4,98,0
8,32,64
1,86,172
9,17,17
3,33,0
7,90,90
3,44,88
9,57,57
1,3,0
2,5,0
7,79,0
1,28,0
1,6,12
5,1,2
9,90,90
5,54,108
1,46,46
4,83,0
7,58,116
6,87,0
2,90,0
2,71,142
7,8,0
8,37,74
9,67,134
4,60,120
8,44,0
5,60,120
9,31,31
4,73,73
7,15,0
6,64,128
5,95,95
5,46,92
7,36,36
9,73,0
3,47,47
9,93,186
