s_j,p_j,d_j
1,20,0
5,82,82
7,59,59
6,14,0
4,93,93
4,69,69
1,64,64
1,47,47
3,96,0
6,86,86
3,63,126
8,26,52
9,82,164
7,43,86
7,52,104
3,88,88
3,50,50
4,91,91
7,47,94
5,60,0
4,83,166
5,29,58
2,92,0
3,79,0
8,75,75
7,53,0
1,56,0
3,59,118
4,17,0
6,16,16
3,59,118
5,44,88
6,7,7
5,97,97
9,96,0
6,31,0
9,58,0
6,18,18
7,31,31
9,63,0
5,33,66
5,51,0
3,65,0
1,46,46
8,63,0
3,28,28
5,9,18
8,41,41
6,96,96
7,88,0
9,83,0
4,4,4
4,54,0
1,43,0
9,2,2
3,35,0
6,69,69
9,33,33
5,82,82
2,78,156
4,33,0
5,18,18
6,8,0
8,75,0
5,56,56
3,15,0
6,86,0
3,81,81
4,45,45
5,19,19
1,51,51
3,32,0
6,72,72
9,78,0
9,28,56
2,56,56
6,85,170
3,36,36
2,23,23
2,81,81
