s_j,p_j,d_j
2,7,0
2,95,190
2,3,3
2,6,12
6,94,0
3,57,0
2,67,0
3,42,0
6,13,0
6,27,54
8,88,0
7,64,128
3,28,0
7,25,0
1,43,0
4,60,60
4,7,0
3,32,32
7,74,148
8,16,32
3,62,62
7,35,70
5,17,0
6,30,30
1,12,12
6,38,38
4,41,0
6,1,2
1,56,112
1,36,0
6,39,78
7,92,184
3,65,65
4,24,24
9,39,0
8,78,156
5,71,0
8,59,118
5,15,30
9,95,0
9,39,0
7,19,19
8,22,0
4,68,136
4,83,0
4,96,0
3,41,82
5,82,82
4,38,38
1,59,59
2,53,53
2,49,49
9,42,84
6,97,97
3,90,0
7,65,130
8,19,19
1,38,0
9,59,59
3,9,9
