s_j,p_j,d_j
6,66,66
3,13,0
2,5,5
6,59,0
7,26,0
4,6,6
6,11,0
7,20,0
2,89,0
1,60,120
9,66,132
2,3,6
2,76,76
3,84,84
3,86,0
4,58,0
5,45,90
3,37,74
9,56,112
5,41,82
7,83,0
6,32,64
1,62,0
6,45,90
3,23,46
5,66,66
6,54,0
8,44,88
6,47,0
6,96,192
1,70,70
1,2,4
8,96,96
1,49,98
1,14,28
2,50,0
9,15,15
6,54,108
6,4,4
5,79,79
7,50,0
1,6,0
6,25,50
3,18,0
1,73,73
1,3,6
8,51,102
3,73,73
2,51,51
4,92,92
3,43,86
9,94,0
4,69,69
8,69,138
4,1,1
8,71,0
3,19,38
9,46,46
1,68,0
3,49,98
2,64,128
9,34,68
9,12,12
6,60,120
8,16,16
3,27,0
9,55,0
7,25,0
1,64,64
9,84,84
