s_j,p_j,d_j
5,3,122
7,2,208
16,12,62
3,12,98
17,6,225
9,10,169
11,12,162
18,16,17
11,8,107
16,8,212
19,3,124
15,18,63
17,10,120
8,16,216
11,9,165
2,8,112
13,14,167
9,6,69
13,14,19
2,1,102
17,19,32
7,13,169
13,17,177
14,17,188
19,6,170
7,19,94
19,1,58
11,5,233
11,19,141
2,12,247
14,2,15
19,16,168
5,14,218
17,6,45
13,14,241
15,2,50
9,1,93
9,12,71
14,17,137
3,18,187
7,19,2
16,13,185
5,19,146
1,16,118
16,17,190
14,4,10
17,17,126
11,9,122
13,2,96
14,19,92
