s_j,p_j,d_j
4,50,0
4,23,23
3,48,0
6,9,18
4,37,0
8,70,140
1,56,112
8,44,88
3,27,0
1,51,0
6,27,54
3,40,0
7,39,39
7,53,106
4,59,0
1,9,0
6,48,96
8,48,48
9,45,0
2,44,0
8,84,84
1,19,0
7,96,192
6,73,0
1,8,8
8,42,42
8,5,10
9,79,158
5,28,28
2,37,74
3,26,26
7,59,0
2,33,66
6,44,0
2,43,0
5,57,57
7,58,116
4,34,34
7,91,0
8,21,42
2,5,5
8,48,48
5,36,36
2,96,96
8,88,88
5,65,65
5,89,0
8,90,180
5,91,0
3,5,0
8,66,0
5,38,0
5,27,27
4,73,73
8,35,35
4,65,130
3,91,0
2,95,0
7,38,76
2,61,122
5,76,76
6,83,166
9,51,51
6,72,0
9,86,86
7,64,128
5,34,0
4,14,0
8,95,190
1,43,0
5,86,0
7,94,188
2,14,0
6,8,16
8,15,15
3,28,56
1,32,64
9,26,0
4,21,0
2,67,0
