s_j,p_j,d_j
4,3,157
11,11,319
19,4,67
4,9,372
12,15,328
14,15,45
3,2,290
7,11,14
18,8,136
3,11,194
12,11,434
10,15,357
17,6,133
15,2,266
9,15,422
19,2,55
18,8,283
19,9,430
14,4,93
4,14,88
18,19,410
10,18,56
7,6,62
3,19,35
9,15,164
5,19,106
10,8,141
8,15,303
10,9,232
13,17,51
1,19,95
5,4,30
8,15,287
2,10,4
10,17,16
15,3,344
7,9,152
19,4,12
13,5,98
13,2,174
12,1,22
2,19,405
8,12,271
17,3,379
8,3,88
2,15,261
16,6,208
17,18,83
5,9,145
12,9,333
12,17,305
10,1,307
2,16,433
19,18,125
14,4,151
5,10,346
12,18,390
2,2,43
5,3,133
10,11,75
18,9,99
5,11,2
5,9,178
16,13,65
6,7,45
2,14,192
3,6,354
18,5,9
4,12,317
14,8,29
4,11,313
17,2,165
8,10,385
5,5,364
11,2,448
3,6,165
12,1,315
10,11,435
6,15,269
10,2,261
6,5,74
12,2,308
7,1,291
15,13,314
19,15,337
9,10,216
10,2,396
4,1,343
19,9,354
12,3,43
