s_j,p_j,d_j
12,3,308
17,3,101
5,16,332
5,17,200
9,3,256
3,7,11
19,15,92
1,16,269
16,11,39
11,17,292
13,4,92
14,3,237
1,8,137
3,4,217
5,14,36
8,2,163
19,6,211
7,11,168
4,13,263
12,11,223
5,14,329
6,15,92
9,13,241
19,15,56
2,13,226
7,17,34
10,17,97
15,10,96
5,5,128
2,3,236
2,12,326
19,18,299
12,1,219
15,10,29
7,6,264
5,17,94
7,4,341
13,1,200
3,15,74
10,10,330
15,10,244
8,9,337
1,15,49
9,12,56
6,6,70
1,9,344
14,16,17
1,16,131
18,18,289
6,15,122
5,5,276
11,6,24
6,15,3
2,8,47
1,15,25
4,10,305
4,16,139
18,14,218
4,15,55
14,2,105
11,12,165
6,8,262
2,3,307
1,18,153
2,8,104
18,17,41
15,1,280
11,4,333
2,5,54
8,8,223
