s_j,p_j,d_j
19,3,379
17,3,410
4,5,47
4,14,289
7,5,398
2,7,446
1,7,184
14,11,403
5,6,365
9,2,278
10,16,137
2,5,333
18,7,209
16,1,19
8,15,150
11,15,99
4,10,65
2,17,277
11,8,153
8,6,26
7,3,413
8,1,333
1,16,112
11,14,68
2,6,53
7,8,286
14,18,41
5,3,116
8,6,214
10,4,384
8,15,352
10,9,177
1,9,218
5,11,94
4,4,175
4,15,408
15,5,437
17,19,152
15,7,31
17,16,276
14,9,193
6,5,390
3,14,403
6,8,146
16,9,162
5,1,60
9,1,23
9,11,213
8,2,437
12,2,439
13,17,324
6,19,346
15,18,408
17,19,382
11,15,270
15,1,227
17,19,390
1,17,394
11,12,67
12,18,78
10,17,440
9,14,22
7,2,419
4,5,54
2,18,115
19,1,48
18,18,204
4,1,433
4,14,202
2,14,361
5,7,110
13,9,253
14,16,238
2,1,427
4,1,14
10,8,359
18,1,217
18,9,239
9,4,351
10,19,153
6,14,75
14,12,339
14,5,351
9,8,117
3,5,448
3,6,234
17,17,280
1,3,396
9,7,24
8,12,147
