s_j,p_j,d_j
1,1,281
10,11,363
1,9,142
4,16,179
6,15,288
10,5,266
11,1,410
3,14,182
4,3,176
10,14,212
8,11,229
3,8,202
6,15,339
9,18,85
1,9,159
13,10,271
4,6,188
14,18,339
12,13,289
5,7,20
3,4,136
14,8,337
15,8,17
15,5,431
16,19,256
10,13,29
10,16,390
4,4,190
13,11,126
5,4,35
3,11,354
3,5,13
17,5,91
10,12,338
7,13,108
9,3,144
3,17,146
13,17,445
18,6,347
6,2,355
10,13,255
9,15,88
2,7,69
10,11,86
11,12,195
3,4,3
6,17,338
5,2,363
16,17,391
8,15,74
12,12,326
12,6,31
2,16,56
17,5,139
4,13,105
7,5,312
7,14,387
16,7,432
15,13,353
12,11,225
15,6,299
4,2,421
1,10,287
2,1,340
7,12,112
7,4,136
1,3,45
17,16,390
12,14,277
3,13,33
7,12,230
7,13,321
4,1,284
3,4,22
15,8,35
11,3,87
6,3,388
6,14,37
6,14,42
6,19,105
13,3,287
16,18,214
19,15,139
7,3,250
17,18,290
11,12,294
10,8,283
15,12,22
2,14,260
3,13,202
