s_j,p_j,d_j
12,10,43
17,2,152
11,2,433
12,7,416
8,7,143
17,2,43
16,5,167
15,17,232
18,2,404
9,3,64
17,6,260
12,17,292
9,4,40
19,19,26
17,16,11
6,13,247
18,10,62
19,3,33
15,11,366
15,3,100
6,19,56
19,10,233
3,8,328
2,14,337
17,10,306
7,8,289
9,10,111
7,3,119
13,5,110
11,5,418
2,15,385
6,11,380
15,10,45
17,18,90
14,2,101
9,13,432
2,7,367
14,19,316
1,11,309
15,5,76
5,2,32
10,12,317
3,14,265
3,1,401
3,18,211
19,6,366
7,7,323
6,18,53
13,18,326
18,4,273
15,3,275
14,9,324
11,8,348
14,19,315
17,19,57
12,6,185
19,10,262
12,13,31
10,15,14
8,7,337
9,18,18
12,17,420
13,14,79
5,4,115
11,19,230
12,3,331
12,9,437
18,17,6
5,17,165
17,19,215
4,7,412
17,10,378
19,11,206
9,1,197
13,16,78
5,18,155
16,18,71
10,14,38
17,8,42
17,10,11
18,18,356
14,9,6
15,4,76
14,13,23
13,1,151
14,1,299
15,7,83
2,3,35
7,2,412
18,16,232
