s_j,p_j,d_j
3,95,95
9,42,0
9,4,0
4,56,0
5,63,0
2,17,34
5,37,37
6,76,76
4,58,58
6,2,4
3,87,0
2,13,26
5,77,0
3,41,0
8,84,0
1,82,164
2,82,164
7,51,0
1,31,31
3,88,88
3,6,6
8,14,14
8,88,0
5,32,0
4,3,3
8,55,0
6,55,110
2,4,4
4,93,93
5,94,94
6,16,16
3,2,0
9,21,0
5,79,0
3,61,122
8,57,57
6,15,30
9,82,82
5,52,104
1,42,42
2,76,0
8,82,0
8,26,0
6,45,0
8,77,0
2,98,0
3,82,0
1,16,32
9,73,0
9,70,140
7,44,88
8,83,83
9,42,84
4,51,51
6,26,26
6,70,140
4,49,98
9,51,0
9,47,94
9,24,24
6,37,0
6,22,44
5,86,86
3,37,0
5,62,124
2,81,81
8,7,7
2,30,60
9,82,0
4,81,0
