s_j,p_j,d_j
6,87,0
1,51,51
9,21,21
6,73,73
6,32,0
2,69,0
5,59,59
6,92,0
7,91,91
4,29,29
6,75,75
8,49,49
8,71,0
9,80,0
6,94,188
3,95,0
7,24,0
8,77,0
3,10,0
2,89,89
9,48,48
3,46,46
3,97,194
3,89,178
7,43,86
5,57,0
2,25,50
3,35,35
2,36,72
2,91,182
5,23,23
4,82,164
6,81,162
4,28,0
8,32,32
1,53,0
4,61,0
2,3,0
5,41,0
6,17,34
3,60,0
3,70,70
3,87,174
3,97,97
5,49,0
3,69,69
9,36,0
7,77,154
8,58,58
1,27,54
3,58,116
5,57,0
6,25,25
8,15,15
1,32,0
9,83,0
4,55,0
4,28,56
3,17,34
4,30,0
3,39,39
5,45,0
7,58,58
1,81,0
3,80,0
7,64,128
5,38,76
3,4,4
8,87,0
6,93,0
