s_j,p_j,d_j
4,66,0
8,8,8
8,17,0
1,89,89
2,75,0
8,79,158
9,66,66
7,38,76
2,33,33
7,84,168
3,69,69
1,29,58
2,91,91
3,67,0
7,26,52
6,4,4
7,68,0
6,58,58
4,71,71
9,84,168
7,45,90
1,17,34
7,61,61
8,76,76
5,72,144
2,46,92
7,51,102
6,30,60
7,6,0
4,71,142
5,40,80
3,59,0
2,66,0
6,37,0
4,2,0
8,67,134
5,12,12
6,93,0
9,9,9
2,16,32
1,53,53
5,89,0
1,48,48
4,12,12
1,65,130
7,97,0
2,69,69
6,96,0
5,7,14
5,79,0
4,98,0
2,61,122
7,84,168
9,15,15
9,20,0
8,38,76
2,45,0
8,69,0
9,41,0
1,73,0
8,85,170
3,40,40
8,90,0
4,58,116
5,68,68
5,15,0
4,50,100
1,8,16
2,6,6
1,80,0
9,22,44
2,26,0
6,40,0
7,8,0
1,73,146
9,7,7
7,58,116
5,52,0
6,63,126
7,73,146
4,86,172
2,83,83
5,2,2
1,74,148
5,14,14
1,62,0
3,55,55
7,17,34
8,37,74
3,43,0
