s_j,p_j,d_j
1,1,2
4,3,0
1,62,124
1,89,0
7,37,0
7,53,106
4,97,0
8,92,92
7,12,24
6,75,75
1,98,98
3,60,60
9,85,170
2,62,124
3,30,30
6,55,0
7,71,142
3,51,51
6,91,182
9,62,62
7,37,0
5,50,100
5,31,31
9,10,20
8,37,0
1,61,61
2,49,0
8,2,4
5,26,52
9,31,0
4,19,0
4,48,0
4,63,0
2,86,172
9,74,0
4,82,164
6,92,184
4,89,178
5,80,80
7,14,14
1,58,116
2,76,76
4,18,18
7,16,32
4,7,14
2,84,168
7,31,0
5,43,86
3,88,176
9,37,0
8,31,31
8,83,83
6,2,4
8,70,0
2,96,192
2,64,64
1,87,0
4,79,158
5,35,35
4,91,182
2,15,15
2,3,0
8,15,30
5,91,182
5,71,142
8,40,40
7,6,0
4,36,36
7,98,196
5,46,92
