s_j,p_j,d_j
3,80,160
3,70,0
4,16,0
3,45,45
8,16,32
4,54,0
3,19,0
8,80,160
1,26,52
3,61,0
7,53,106
7,89,0
3,60,60
5,8,8
4,55,55
6,36,0
6,70,0
5,69,69
6,89,0
1,74,0
5,4,0
1,62,124
9,23,0
1,45,0
6,74,74
6,38,38
2,37,37
8,95,0
7,46,0
4,85,0
1,19,38
6,76,76
8,76,0
5,83,0
3,33,0
5,82,82
8,79,79
4,41,41
1,44,44
3,91,91
5,14,14
3,77,77
8,12,0
4,14,0
3,93,186
4,84,168
3,86,86
3,50,0
3,41,41
1,38,0
6,37,74
8,94,94
8,37,74
1,71,71
1,60,0
2,98,0
2,47,0
2,30,60
7,24,0
3,31,62
7,29,29
3,78,156
5,83,166
1,52,52
3,20,20
3,34,34
6,2,2
4,57,0
6,57,0
8,4,0
8,96,192
6,24,48
8,36,72
6,71,142
2,67,67
7,5,10
4,53,0
3,9,0
6,5,5
4,43,0
7,72,0
8,42,84
5,56,0
3,45,90
3,56,112
8,13,0
3,53,53
3,2,2
9,79,158
3,52,0
