s_j,p_j,d_j
18,2,133
10,11,355
9,6,259
4,4,33
13,19,213
5,12,387
3,3,113
19,11,225
16,16,429
13,13,400
18,2,138
2,8,358
19,10,88
9,6,167
12,2,405
1,11,332
1,9,266
1,14,184
14,12,107
11,14,351
8,7,372
17,15,53
11,6,64
2,16,224
12,9,214
7,3,404
14,10,104
13,11,107
19,3,281
15,8,285
18,4,178
8,3,66
12,5,66
15,14,442
6,11,178
9,11,337
3,10,105
7,3,183
8,9,101
14,18,444
16,3,31
17,18,244
11,1,37
15,1,165
10,11,357
7,17,261
16,13,288
13,12,423
6,7,212
7,8,272
15,8,405
12,4,142
10,4,101
6,16,270
11,4,300
13,19,43
16,11,244
16,11,344
18,7,70
8,12,388
15,11,126
13,1,427
9,17,300
13,10,74
13,13,330
18,1,295
16,14,188
10,18,241
2,3,27
18,5,311
9,5,293
13,2,398
16,18,380
10,2,182
9,8,197
15,10,125
6,18,366
4,11,322
6,2,225
18,15,442
8,14,59
7,18,434
6,17,179
11,16,176
9,14,134
14,6,312
16,18,164
16,12,232
3,5,72
9,5,355
