s_j,p_j,d_j
1,7,182
14,9,52
11,6,178
11,15,122
9,9,229
8,11,8
10,4,126
14,10,175
15,17,191
18,19,9
4,11,211
3,10,103
7,19,168
13,17,180
15,3,122
14,12,124
7,13,223
15,12,127
6,7,70
2,11,125
7,19,213
8,13,44
15,6,143
1,10,62
14,10,1
16,5,81
1,15,14
10,16,104
17,9,220
2,13,135
19,5,81
3,12,221
16,9,94
4,8,126
2,18,177
3,10,51
5,12,62
7,14,103
2,7,224
14,12,157
10,4,32
19,17,135
7,14,113
9,12,56
5,17,122
12,12,199
15,5,218
7,3,113
1,17,222
10,4,82
