s_j,p_j,d_j
18,4,58
19,15,147
18,19,37
8,14,201
4,11,214
4,1,155
1,18,262
3,12,49
15,1,1
4,17,245
2,18,43
5,1,391
15,11,67
11,1,367
7,12,237
10,12,42
18,18,88
8,11,251
14,6,318
8,5,172
9,11,103
13,3,6
3,5,392
19,15,296
4,11,136
13,4,364
1,14,286
16,11,227
14,11,274
13,19,374
8,7,385
6,5,122
12,6,164
3,19,24
15,7,163
8,19,396
7,10,183
1,18,178
13,7,221
15,3,83
19,4,246
15,3,11
11,19,144
14,14,285
17,15,247
2,19,216
19,14,259
16,17,308
16,13,234
3,3,373
11,4,378
4,2,381
10,9,53
1,5,292
16,12,294
16,18,80
6,10,385
6,18,398
13,14,67
1,4,239
9,16,243
14,3,171
17,11,181
2,19,275
1,2,108
4,3,155
14,8,274
18,9,342
4,14,155
13,18,262
10,11,139
17,14,176
16,18,179
15,5,216
18,2,187
19,9,363
13,17,345
9,1,371
9,3,184
3,19,275
