s_j,p_j,d_j
3,57,0
6,72,144
5,40,80
9,2,4
5,22,22
6,23,46
6,93,93
5,60,60
7,44,88
4,72,144
9,17,0
5,84,168
8,64,64
7,64,64
5,31,31
1,67,134
6,41,41
8,97,0
7,15,30
4,15,0
4,94,0
3,4,4
8,77,154
3,37,37
4,27,54
1,88,0
5,94,94
4,10,10
4,18,18
5,31,62
7,42,0
2,65,0
1,15,0
7,39,39
5,12,24
4,65,65
2,53,0
1,78,0
2,30,60
6,36,36
2,38,76
3,22,44
1,70,0
1,53,106
1,66,0
1,37,0
1,97,97
7,36,0
7,10,20
9,97,97
1,30,0
5,74,74
3,29,58
5,79,158
7,1,2
7,74,0
8,61,61
3,50,0
9,22,0
3,4,0
2,50,50
9,85,170
9,32,0
4,66,0
8,22,44
9,60,60
6,68,136
4,14,14
4,42,84
6,31,31
