s_j,p_j,d_j
8,27,0
1,19,38
9,6,6
6,46,0
5,63,0
1,91,182
8,42,42
7,17,0
6,54,54
2,31,62
1,7,14
3,62,62
5,33,66
7,11,22
5,95,190
6,12,12
5,88,88
2,85,85
1,1,2
3,9,9
5,92,0
7,53,106
6,92,184
1,89,89
9,65,65
9,7,14
2,37,74
2,28,0
3,56,0
3,78,156
2,83,0
7,73,0
4,3,0
2,50,100
9,44,88
6,44,44
5,13,26
8,33,33
8,40,80
3,52,52
9,3,0
2,30,0
3,34,34
4,21,21
5,54,108
6,3,0
3,76,0
1,81,0
5,63,0
5,44,0
2,98,0
5,15,0
6,29,58
3,6,6
7,5,0
1,97,0
4,26,52
8,27,0
6,64,128
9,54,108
8,73,0
4,25,50
5,88,88
4,51,51
2,3,0
3,24,24
3,17,34
2,56,0
5,27,54
7,65,130
3,1,1
3,62,0
2,37,74
3,19,19
3,5,0
2,70,70
2,27,27
1,55,110
4,52,104
8,17,0
7,4,0
5,67,134
1,30,30
9,34,68
2,63,126
4,6,12
3,36,72
8,72,0
4,49,0
4,77,0
