s_j,p_j,d_j
9,93,0
8,71,142
2,33,33
3,83,83
3,40,0
7,4,0
9,66,66
2,86,0
6,77,77
8,20,40
7,6,12
8,27,54
8,36,36
6,39,39
8,76,76
7,89,178
2,10,0
5,58,116
7,53,0
6,44,44
6,6,12
5,3,6
8,47,94
8,92,92
7,4,4
7,60,0
5,21,0
6,69,69
1,4,8
3,98,196
8,27,0
1,24,0
5,13,26
2,35,70
1,83,0
7,6,6
1,73,146
3,73,0
6,14,0
1,44,88
6,21,0
8,90,0
8,54,54
5,7,14
4,65,0
6,49,0
8,95,190
6,16,0
9,53,106
2,57,114
2,95,190
8,37,74
1,84,0
4,68,68
6,43,86
6,88,176
4,6,12
7,93,0
6,93,0
3,40,0
4,41,41
9,13,13
5,44,88
8,94,188
8,80,80
7,96,0
6,98,98
8,52,104
4,9,0
3,61,61
5,96,192
5,50,50
8,55,0
9,75,150
3,28,56
5,79,158
7,85,0
7,30,30
1,30,0
6,96,192
6,71,71
6,22,44
8,92,184
4,25,50
9,38,0
9,78,78
5,29,29
7,4,4
8,1,1
3,29,58
