s_j,p_j,d_j
6,62,62
5,90,180
7,27,0
7,71,71
1,14,0
5,71,0
8,28,56
6,21,21
3,14,0
2,96,96
6,6,12
6,30,0
4,61,0
2,90,180
3,2,0
6,66,132
4,61,122
7,2,2
9,63,63
5,45,45
3,83,0
7,72,0
9,39,78
8,96,96
3,56,56
7,11,11
8,97,97
9,4,4
3,98,0
7,18,0
9,20,20
9,57,0
2,64,128
4,50,100
4,60,120
7,20,40
2,61,61
6,40,0
9,42,42
8,84,168
4,4,8
4,30,0
2,40,40
1,95,0
1,83,83
8,54,108
3,63,126
4,95,95
4,30,60
9,41,41
3,19,0
4,5,5
7,13,13
9,72,0
3,92,0
8,67,134
2,47,94
5,17,0
9,26,52
3,89,89
5,95,95
4,81,81
7,49,49
4,29,58
8,87,87
3,74,0
5,1,1
2,42,42
8,50,50
8,22,0
