s_j,p_j,d_j
4,94,188
9,91,0
2,83,83
7,20,40
1,37,0
3,53,53
4,58,58
7,28,56
2,59,59
2,67,134
4,2,4
2,40,40
7,98,0
6,55,0
7,83,166
6,86,86
1,72,144
7,70,70
1,85,0
4,85,85
1,26,26
2,15,30
6,33,66
1,60,60
9,67,0
1,51,51
8,91,0
3,49,0
2,46,0
7,76,76
8,57,57
5,57,0
7,65,130
2,55,110
4,95,190
2,38,76
8,65,65
8,67,134
7,21,21
2,24,0
4,72,0
3,24,48
4,16,0
6,92,184
7,71,71
7,51,0
5,10,0
9,37,0
5,44,44
5,24,48
7,38,76
6,74,0
6,79,0
9,78,156
6,3,3
8,75,75
6,51,102
2,54,108
5,30,60
3,64,128
9,33,0
7,50,100
8,31,31
7,69,138
3,91,182
9,43,0
8,84,168
4,55,55
3,96,0
4,9,0
6,69,138
1,33,33
3,30,0
6,71,71
7,24,24
8,56,0
9,14,0
5,63,126
3,36,0
4,28,0
