s_j,p_j,d_j
5,80,80
4,62,124
1,57,114
9,78,0
3,84,0
2,74,74
4,63,0
3,17,17
3,98,0
3,70,0
8,96,96
8,18,18
6,92,92
2,94,0
4,3,6
6,38,76
5,54,108
2,70,0
4,8,16
6,64,128
4,53,106
6,13,13
2,25,0
1,67,0
3,75,150
7,20,40
6,95,95
9,85,170
7,80,0
5,83,0
7,19,38
9,53,106
2,13,13
3,83,0
6,9,18
3,51,102
9,43,43
5,8,16
2,62,62
4,78,0
4,68,136
4,63,126
8,12,12
7,87,174
5,76,76
2,57,0
9,4,8
2,19,0
2,74,74
8,34,0
4,61,0
4,42,0
1,72,72
3,33,33
6,59,118
3,40,40
1,9,18
9,31,62
8,50,0
7,14,14
