s_j,p_j,d_j
3,61,122
4,97,97
8,92,92
7,66,66
4,56,112
9,91,91
7,69,0
6,40,80
3,67,0
1,81,81
7,13,0
6,32,64
1,17,34
3,50,0
4,48,96
3,74,0
2,71,0
8,49,98
3,65,130
4,68,136
2,16,0
8,68,68
9,49,0
6,26,0
6,14,14
9,3,3
1,8,16
5,9,9
3,15,0
3,59,0
8,59,59
2,56,56
5,78,78
3,1,2
1,38,76
6,13,0
2,68,0
9,69,0
2,61,122
2,51,102
6,56,112
9,83,0
3,80,80
7,7,0
7,71,71
8,91,182
8,72,0
2,86,172
5,94,0
9,9,9
6,23,46
5,44,0
3,31,62
3,75,75
5,26,52
6,56,112
7,13,13
6,61,61
5,43,0
9,11,22
