s_j,p_j,d_j
9,79,0
4,20,40
6,6,6
8,71,71
4,51,51
2,6,6
4,7,7
6,62,62
8,14,28
2,37,0
9,16,0
5,68,136
7,34,68
2,69,138
2,5,5
9,72,144
1,73,146
9,84,168
9,74,0
1,6,12
2,44,88
9,98,0
9,32,32
3,75,0
2,49,0
4,46,92
6,43,86
8,2,0
5,76,152
9,25,50
8,9,0
7,24,0
7,63,0
3,16,16
8,70,0
7,94,0
7,94,188
9,50,0
9,95,0
9,7,0
2,45,0
9,98,0
6,80,160
1,25,25
9,56,56
9,73,0
2,72,72
2,95,190
3,64,128
6,35,70
4,63,63
5,67,134
9,78,0
4,67,134
4,9,18
7,25,0
3,6,6
9,2,4
3,22,22
5,9,0
7,34,68
7,88,88
7,80,80
7,70,70
6,61,122
1,15,0
2,48,48
1,17,17
3,3,0
1,11,0
