s_j,p_j,d_j
4,71,0
2,19,0
1,39,0
9,35,35
4,10,0
8,34,34
5,38,38
9,50,0
9,66,0
1,41,82
7,79,0
4,21,21
5,50,50
7,87,87
8,71,71
9,27,54
2,4,4
6,81,162
5,68,136
5,75,0
9,51,0
7,13,0
9,41,41
1,54,0
3,52,104
8,22,22
1,5,0
2,30,60
2,37,74
8,66,0
5,72,144
6,66,66
6,37,37
1,91,91
3,52,0
3,25,25
4,95,0
6,8,16
7,28,56
4,71,0
2,14,28
4,1,2
4,63,126
7,86,0
2,12,24
9,70,70
4,5,5
4,57,114
6,40,80
4,95,190
6,3,0
4,81,162
5,21,21
3,8,0
5,55,55
7,61,122
7,47,94
5,67,134
8,15,0
3,41,82
4,36,0
3,85,170
8,46,0
3,80,0
6,49,0
1,32,32
6,2,4
3,56,56
3,17,34
7,39,78
8,37,74
2,85,85
2,5,5
9,76,0
7,33,0
3,20,20
6,87,174
9,73,0
4,65,0
8,92,0
2,76,0
2,63,0
3,84,0
3,83,0
6,13,26
3,8,16
7,75,75
7,18,0
2,28,0
4,5,10
