s_j,p_j,d_j
8,32,32
9,47,94
6,12,12
6,88,0
3,51,102
2,69,69
6,10,0
2,40,0
6,68,0
4,75,75
3,22,22
4,97,0
4,39,78
4,91,91
6,94,0
9,44,0
8,33,66
9,18,0
5,21,0
1,42,84
2,51,102
1,68,0
1,84,84
4,63,0
8,11,11
5,91,182
7,15,15
2,56,112
9,49,98
5,45,90
7,81,81
2,14,28
2,11,11
7,23,46
5,43,86
8,51,51
3,89,89
1,80,80
8,79,79
4,3,3
2,73,0
5,51,102
3,32,0
1,73,0
9,81,81
2,27,27
5,19,19
2,35,0
1,57,0
8,80,160
4,54,0
7,72,0
6,29,29
5,30,30
1,79,79
3,88,176
6,45,0
9,78,78
4,35,70
2,61,61
5,6,12
8,26,52
9,34,34
1,86,0
8,43,86
7,88,0
5,85,0
3,85,170
3,92,92
2,53,0
5,63,0
8,39,0
6,89,89
6,70,0
8,20,20
2,10,20
5,64,128
2,72,144
5,71,0
1,68,0
