s_j,p_j,d_j
7,21,42
3,60,60
4,25,50
9,55,0
2,14,28
6,75,75
7,57,0
2,4,8
4,14,0
6,95,190
5,58,116
8,93,186
1,75,0
9,74,74
3,7,7
1,47,0
4,2,4
7,37,74
9,11,11
8,37,37
6,48,0
4,74,148
1,25,25
4,62,0
1,74,148
7,56,0
7,58,0
6,26,0
2,88,88
2,90,90
7,98,0
7,61,61
9,35,0
7,59,118
7,59,59
8,84,0
6,35,35
3,7,7
8,16,16
6,35,35
7,44,44
3,95,190
7,54,0
8,89,89
7,31,31
6,22,44
7,77,154
8,19,19
6,7,0
3,97,97
8,2,2
8,43,0
3,22,0
4,17,34
6,52,0
1,57,57
4,95,95
8,61,122
4,62,62
4,1,0
1,20,0
9,25,50
6,40,80
9,34,0
6,68,68
2,84,84
2,53,106
6,10,10
7,52,0
3,83,83
7,59,0
3,33,0
7,30,60
9,30,60
7,75,75
2,37,0
1,35,35
5,80,160
5,46,46
9,85,170
