s_j,p_j,d_j
5,14,378
6,12,99
8,19,365
12,3,24
2,6,184
13,19,39
3,12,351
5,4,11
19,7,396
1,6,325
4,18,77
13,4,335
9,2,18
3,4,32
9,4,71
11,7,76
8,9,379
5,15,132
5,10,266
14,3,231
11,10,189
14,1,156
14,9,388
2,8,211
4,17,295
1,14,393
7,12,164
9,11,369
3,10,268
6,14,158
13,1,378
1,2,329
16,9,324
8,1,21
1,4,233
1,2,391
16,5,257
9,7,174
9,16,344
2,4,133
5,15,56
10,12,10
16,4,250
1,15,244
19,9,353
5,17,81
3,4,165
2,5,226
1,17,185
12,13,376
12,6,351
6,17,240
17,11,230
11,2,399
3,4,374
5,3,185
6,12,254
7,18,108
14,4,312
4,17,379
15,5,114
18,14,290
7,16,330
11,1,175
10,2,183
13,17,340
6,8,246
9,8,89
12,9,42
9,12,365
18,12,88
6,17,291
16,6,95
10,3,392
13,17,277
13,9,395
18,1,19
2,8,209
7,10,362
7,5,312
