s_j,p_j,d_j
6,46,92
8,5,0
1,17,17
5,88,88
4,85,170
8,59,59
4,86,172
4,31,31
6,48,0
4,22,0
3,96,192
4,73,0
2,6,6
6,48,96
8,59,118
6,97,194
7,22,44
9,77,154
9,29,0
3,44,88
5,22,44
8,50,50
4,14,28
1,91,0
9,77,77
3,38,0
2,80,0
8,14,14
8,8,0
2,29,58
9,58,0
1,44,0
8,81,162
7,51,0
6,71,71
9,2,0
5,68,68
1,11,0
5,84,84
9,31,62
7,28,56
5,46,92
3,19,0
3,93,186
7,18,18
1,5,5
1,49,98
3,38,76
6,43,86
2,83,0
5,98,196
8,84,84
8,19,38
9,42,42
7,94,94
9,48,48
8,81,162
5,12,0
2,69,69
1,14,0
6,95,190
7,37,74
5,85,170
8,80,80
9,30,0
2,75,75
1,14,0
2,28,0
7,78,156
7,66,0
3,93,93
9,95,95
4,1,1
6,6,12
1,59,118
6,93,0
2,80,160
3,60,120
3,55,110
5,46,0
1,26,52
2,17,0
4,56,0
7,9,18
7,16,0
9,48,0
5,93,93
3,12,12
2,40,40
8,75,150
