s_j,p_j,d_j
12,17,197
12,12,177
17,5,325
5,6,279
10,5,283
7,17,231
17,19,121
1,18,66
17,19,139
3,3,114
17,2,34
6,14,314
3,9,312
17,15,35
12,10,204
16,3,63
18,4,303
16,3,247
8,17,276
17,4,254
11,11,111
5,7,292
17,11,231
3,5,199
9,4,336
5,14,158
7,19,191
15,10,210
17,19,324
15,9,190
15,11,301
8,3,104
8,1,191
16,8,78
1,6,237
19,8,193
9,6,31
12,16,103
8,14,348
18,12,231
18,3,97
5,5,36
8,16,199
14,17,253
13,17,203
19,13,288
6,16,204
14,10,105
11,10,181
6,14,13
19,9,269
19,4,120
5,10,292
2,18,250
5,3,34
4,17,185
17,13,147
12,15,204
6,5,139
15,11,104
1,7,282
1,8,127
19,9,294
12,10,128
11,4,83
1,12,157
16,1,255
13,7,116
14,1,160
4,7,204
