s_j,p_j,d_j
6,13,269
15,13,306
17,19,9
18,12,190
18,5,178
14,9,342
11,19,345
18,19,324
12,1,68
10,15,61
16,11,122
3,8,159
15,1,97
4,7,80
14,11,100
17,2,20
9,12,91
3,17,50
4,8,6
14,9,348
1,18,57
5,8,25
1,8,172
16,16,34
11,18,31
17,16,92
7,17,95
1,19,320
17,6,271
10,14,113
3,12,213
3,4,133
5,10,126
16,10,327
19,13,237
16,7,258
6,6,227
6,1,216
8,17,69
2,5,253
4,1,184
7,5,278
10,5,188
9,15,2
13,10,50
14,7,297
5,6,67
3,2,16
1,8,118
11,8,95
18,10,131
18,8,308
19,15,307
8,10,343
8,11,241
12,19,265
4,2,70
11,15,82
3,10,173
10,13,4
4,18,149
12,16,132
4,18,235
16,12,236
13,14,161
10,10,138
4,17,33
19,11,52
7,2,120
15,9,55
