s_j,p_j,d_j
6,13,26
5,85,85
8,85,170
4,33,33
8,23,0
8,81,0
1,69,69
4,51,51
3,15,30
1,7,7
1,60,60
1,37,0
4,2,2
2,27,27
5,16,16
5,37,37
2,86,0
7,70,140
7,68,0
7,22,44
5,25,0
2,50,50
3,47,47
7,63,0
3,76,152
8,96,0
5,62,62
9,44,44
3,86,0
8,21,0
1,96,192
6,4,8
1,13,26
9,69,69
3,21,21
8,81,0
8,10,0
9,97,194
7,20,20
2,23,46
1,97,194
1,38,38
6,64,128
4,92,0
9,41,41
9,75,150
8,1,1
2,91,91
3,69,138
1,91,0
5,74,148
4,21,0
7,5,10
4,49,49
3,3,0
2,55,110
9,13,0
4,34,0
1,93,186
6,86,0
9,82,82
2,59,118
5,58,0
9,3,0
4,79,0
4,18,0
4,83,83
8,16,16
9,70,0
5,47,94
5,50,0
5,88,88
4,66,0
8,63,63
7,74,148
9,62,62
7,14,14
6,1,2
8,33,33
3,48,96
