s_j,p_j,d_j
7,33,66
5,52,52
5,11,0
5,15,15
8,75,75
7,11,22
8,57,57
1,48,96
6,85,0
9,4,4
3,19,19
5,21,42
9,38,76
7,6,0
1,34,0
1,55,110
3,14,0
8,47,0
9,77,77
4,87,87
3,38,0
2,42,84
8,81,0
8,77,154
2,19,0
4,44,44
7,8,8
2,38,76
4,31,0
9,35,70
9,98,98
2,39,39
9,85,85
8,23,23
1,96,96
7,81,81
7,88,0
4,47,47
3,76,76
8,31,62
1,14,14
3,18,0
8,43,0
9,78,156
8,48,0
9,67,67
8,67,67
5,22,44
6,29,58
4,16,0
6,32,32
5,43,86
6,42,42
2,38,76
5,17,17
2,97,0
7,45,0
3,81,81
8,88,0
6,25,0
