s_j,p_j,d_j
3,50,50
4,75,75
2,48,0
9,79,158
6,37,0
3,92,0
9,1,0
1,81,81
3,96,0
5,92,92
7,18,36
9,54,0
6,63,63
1,62,124
3,36,72
3,70,0
2,91,0
8,59,118
3,26,26
9,2,2
6,48,0
4,57,57
7,68,0
2,29,0
6,78,78
4,39,0
6,45,0
4,16,32
3,76,76
1,56,56
7,52,0
9,82,0
6,63,126
3,94,188
5,54,0
7,86,172
5,49,98
2,54,54
4,49,49
8,69,69
9,3,0
9,83,83
4,33,0
5,7,7
4,80,0
8,68,0
2,41,82
6,60,120
8,58,0
8,86,172
4,87,174
4,1,1
5,75,75
2,10,0
8,2,2
2,95,0
7,16,0
8,93,0
7,32,0
4,1,1
9,44,44
8,82,82
2,79,79
7,67,67
4,64,64
8,40,40
1,95,0
1,30,60
1,53,0
7,50,0
5,1,2
3,49,0
9,42,84
5,35,35
6,84,0
4,56,0
6,73,73
2,30,0
3,48,0
2,94,94
1,48,48
3,74,74
7,29,58
4,62,62
9,15,0
5,92,184
4,95,0
1,76,0
7,74,0
6,75,150
