s_j,p_j,d_j
3,66,132
5,91,182
5,95,0
8,21,21
1,22,44
2,35,70
9,76,152
1,59,0
3,29,29
6,76,152
8,92,92
2,4,4
5,69,0
3,55,110
5,36,72
1,42,0
5,26,26
4,31,0
2,6,0
5,51,0
4,14,28
2,42,42
6,52,0
1,6,0
6,34,68
4,24,0
6,6,0
1,5,10
6,66,66
7,26,52
2,63,126
4,43,0
4,98,0
4,95,0
2,16,0
1,75,75
9,15,15
3,80,160
2,13,0
3,46,46
1,54,54
3,85,85
6,35,70
1,58,0
8,65,130
9,14,28
9,50,100
5,26,52
9,35,35
7,84,84
3,70,140
2,67,67
3,98,98
8,60,0
5,26,26
9,49,49
6,79,0
9,39,78
9,9,9
6,94,94
8,2,4
7,20,40
6,43,43
3,8,8
7,59,59
7,43,86
7,8,16
7,6,6
1,11,22
4,64,0
