s_j,p_j,d_j
4,52,0
1,74,148
6,93,0
1,43,86
9,86,0
1,55,0
7,46,0
1,68,0
3,96,192
1,84,168
6,19,38
2,74,148
4,36,72
1,27,0
8,70,140
8,8,8
3,37,74
1,37,37
6,5,10
9,94,188
6,23,23
2,33,33
4,87,87
4,76,152
2,35,0
4,21,0
3,40,80
3,34,0
3,26,0
2,41,41
9,91,91
7,81,162
9,45,0
6,35,0
9,72,0
8,71,71
9,39,78
4,95,95
7,2,0
1,49,98
8,82,164
8,86,172
3,28,56
8,69,69
4,40,40
1,86,172
1,60,60
3,11,22
7,7,0
1,44,0
5,61,0
2,7,7
9,62,124
6,4,8
1,94,188
9,81,0
6,58,58
7,92,92
4,79,0
3,50,100
