s_j,p_j,d_j
2,22,22
9,72,72
9,53,106
2,45,90
8,6,0
3,30,30
9,2,0
4,95,0
1,38,38
1,44,88
2,71,0
2,82,82
8,60,0
3,21,21
4,21,0
7,25,25
7,83,83
5,83,83
1,4,4
8,12,0
2,22,44
9,83,166
8,31,31
4,36,0
6,47,0
6,28,0
2,72,72
8,39,39
4,51,0
5,6,0
7,37,37
5,68,0
8,83,166
1,48,48
1,38,0
5,57,0
9,93,0
2,43,0
6,78,78
5,39,39
5,11,11
1,15,15
3,90,0
7,92,0
3,9,9
3,30,60
1,66,132
5,62,0
9,92,184
1,6,12
3,21,0
9,36,72
2,17,0
6,46,46
7,49,49
9,18,0
6,17,0
3,74,148
3,65,0
2,63,63
