s_j,p_j,d_j
3,48,96
2,84,0
4,40,0
1,27,54
9,80,0
6,24,24
2,95,95
3,21,21
3,67,0
9,90,0
9,4,0
3,54,54
1,23,46
7,21,42
3,95,190
4,52,52
1,21,0
7,49,0
9,74,74
2,32,64
6,12,24
1,69,69
7,32,64
6,74,74
6,67,67
4,59,118
9,39,39
4,17,17
6,10,10
7,83,83
8,3,6
3,33,66
3,81,81
5,41,82
1,48,96
6,22,44
1,56,56
8,15,30
5,77,77
3,9,0
3,74,0
3,77,77
3,18,18
3,59,118
5,71,0
6,86,172
7,21,0
6,2,4
3,54,108
5,23,23
6,37,37
4,63,63
8,88,176
2,30,60
8,41,41
9,6,12
1,48,0
4,70,140
3,64,64
1,28,0
5,82,0
7,5,5
5,31,62
6,26,26
7,86,0
3,5,10
4,5,5
7,63,0
2,24,24
5,68,68
2,63,63
8,85,0
9,62,0
8,7,7
5,60,60
5,35,35
1,43,86
4,18,18
5,35,35
8,54,108
