s_j,p_j,d_j
2,36,72
9,74,0
2,25,25
7,57,57
5,4,4
7,76,0
3,37,74
5,34,0
6,33,33
9,54,54
2,57,0
8,46,0
2,38,0
2,97,97
3,13,26
5,42,0
9,33,0
2,34,0
1,27,0
4,30,0
8,88,88
2,78,156
3,93,93
1,6,6
2,92,0
9,1,1
6,22,0
9,26,0
4,63,126
2,32,64
9,66,66
7,8,16
3,57,114
3,35,35
1,8,8
7,17,17
1,68,0
1,12,12
1,42,0
3,49,49
1,78,0
8,77,154
4,68,0
9,39,39
9,57,114
2,17,0
9,92,0
8,45,90
4,90,180
3,46,0
8,80,0
8,96,96
7,14,28
5,67,67
4,27,27
7,66,0
3,71,71
9,2,2
9,44,88
5,77,154
