s_j,p_j,d_j
7,84,168
6,95,190
6,46,46
5,53,106
2,27,54
1,44,88
3,54,54
6,17,34
1,59,0
1,12,12
5,98,196
5,59,118
2,94,0
7,35,35
5,13,0
3,84,0
7,3,6
4,65,0
5,10,10
6,68,136
6,41,41
7,32,64
9,18,36
4,29,0
2,84,84
8,40,0
9,13,26
3,90,180
3,17,34
7,43,86
2,46,92
9,73,73
4,30,60
7,86,172
5,52,52
7,9,0
9,43,43
2,58,0
6,50,100
8,58,116
7,54,54
8,50,50
6,76,76
1,9,0
7,67,0
5,68,68
1,49,0
2,14,28
6,79,79
3,44,44
3,50,0
2,28,56
3,55,0
3,83,166
3,78,156
5,62,62
6,46,92
1,94,94
7,92,0
6,34,68
