s_j,p_j,d_j
4,68,136
7,20,40
8,58,58
2,94,0
3,52,104
6,44,0
4,8,8
1,7,0
7,3,0
7,46,0
4,63,0
2,63,0
9,59,59
8,64,128
5,14,0
3,51,51
8,89,89
6,98,0
4,22,44
2,60,120
2,81,0
1,55,0
6,43,0
2,26,0
3,27,0
8,84,168
6,80,80
8,84,84
2,87,174
5,37,37
8,45,90
9,25,25
2,22,0
5,35,0
3,1,0
7,77,77
7,59,59
7,93,93
1,92,184
2,8,16
6,41,82
6,35,70
7,28,56
4,84,168
9,84,168
4,67,67
6,33,33
1,13,26
6,82,0
4,28,0
7,88,0
9,27,27
6,74,74
7,33,33
1,7,14
4,21,42
6,17,34
4,52,52
1,20,20
9,79,0
