s_j,p_j,d_j
7,74,148
7,8,8
2,31,0
6,38,0
7,78,156
7,88,88
5,60,60
3,33,0
9,8,0
2,17,34
5,69,69
2,50,50
8,69,138
2,67,0
8,15,15
3,93,0
1,83,0
7,20,20
7,68,68
7,46,46
9,75,75
8,96,192
4,58,0
6,42,84
9,60,120
7,95,190
3,34,0
5,21,0
3,90,180
3,48,96
2,1,1
5,52,0
6,97,194
9,38,76
8,97,97
9,10,0
2,28,0
8,40,40
1,92,92
4,19,0
6,73,146
3,69,0
9,28,0
3,59,118
5,51,102
3,69,138
5,8,8
6,41,82
1,90,180
2,68,68
3,60,60
7,60,60
9,12,12
3,81,0
4,84,84
5,98,98
8,77,77
2,45,45
4,83,83
2,10,20
8,48,48
2,21,21
6,65,0
9,47,94
2,26,0
9,96,192
7,85,85
8,13,13
3,85,0
8,48,48
1,62,124
7,59,0
8,53,0
1,58,0
3,9,18
1,48,96
8,29,58
2,43,43
9,8,16
7,83,166
