s_j,p_j,d_j
7,84,0
7,41,0
8,29,29
6,55,0
5,18,0
1,69,0
2,76,76
9,8,16
7,9,9
4,75,75
1,68,68
7,26,0
6,93,0
2,80,0
3,5,0
7,28,28
9,23,0
7,96,192
6,74,74
4,52,0
6,27,54
5,98,98
3,22,0
3,91,0
9,17,34
1,42,42
1,50,100
2,13,26
6,96,192
4,32,32
1,66,132
5,14,0
2,63,63
1,55,0
5,46,46
6,66,132
3,21,0
1,25,0
1,8,8
1,6,0
5,11,0
1,18,36
8,95,190
6,2,0
1,54,54
4,81,81
8,8,8
6,31,0
8,20,40
3,5,10
7,60,120
1,44,44
7,90,90
5,85,170
6,60,0
6,81,162
8,57,114
3,10,0
8,51,51
1,76,0
7,26,26
7,71,0
2,88,88
2,96,192
5,1,0
7,11,11
6,81,0
8,97,194
3,52,104
6,65,0
6,88,88
7,2,0
5,49,0
8,30,30
3,64,64
6,10,20
4,46,0
3,29,29
7,42,84
6,20,40
