s_j,p_j,d_j
2,30,30
8,67,134
8,82,82
8,46,0
4,38,76
4,82,164
5,81,81
2,67,0
7,56,56
8,49,49
1,90,0
1,66,132
2,90,180
8,22,22
3,62,0
8,75,75
6,56,0
8,83,166
1,25,25
6,5,10
7,96,192
3,39,0
8,61,61
2,26,26
7,17,0
1,96,0
5,67,0
1,4,0
9,79,158
6,59,118
5,33,0
1,82,164
6,98,98
2,59,0
7,84,0
5,36,36
1,31,62
7,95,95
1,69,69
4,27,27
7,89,89
4,21,0
6,79,0
8,88,88
8,44,44
8,92,92
8,66,66
7,51,51
9,18,18
7,51,51
8,26,26
1,73,73
9,49,0
3,39,78
6,65,0
1,54,54
1,80,160
3,64,128
2,93,0
9,61,61
1,48,48
5,49,0
2,71,71
6,60,120
8,1,2
4,97,97
2,86,172
7,72,72
8,57,57
5,23,23
