s_j,p_j,d_j
4,63,63
4,44,44
6,94,188
4,68,136
6,16,32
9,75,0
8,78,156
8,62,0
8,63,0
1,65,0
9,33,0
6,13,0
7,93,186
5,54,108
3,55,0
7,17,17
9,86,86
1,94,188
6,38,0
1,25,0
6,71,0
1,64,128
2,66,0
8,93,186
3,93,0
3,25,0
2,3,0
1,55,0
2,75,150
4,78,0
9,34,68
6,39,0
9,76,0
2,71,142
1,32,64
1,22,0
3,39,39
7,26,52
8,16,16
8,9,9
3,7,14
9,75,75
2,40,0
6,12,0
4,21,21
5,82,82
7,48,48
9,47,0
9,23,46
7,55,110
3,42,84
1,85,170
3,1,0
7,3,6
4,2,0
7,18,36
6,38,0
1,87,174
7,51,0
6,14,0
