s_j,p_j,d_j
9,79,79
7,8,0
9,33,66
7,87,87
3,14,28
3,53,0
4,12,0
3,57,0
6,67,0
6,36,72
4,33,66
7,63,63
4,93,0
5,58,0
6,1,0
1,75,150
6,76,0
5,26,52
8,87,0
7,11,11
1,42,84
4,23,0
9,23,46
4,53,106
9,1,0
3,73,73
5,36,36
7,29,29
5,84,168
6,97,194
7,75,150
6,89,178
8,83,0
7,58,0
9,28,28
1,75,150
6,82,164
9,31,62
6,56,56
5,51,51
7,27,0
5,96,96
2,64,128
6,14,0
9,22,0
2,61,0
6,35,0
6,77,77
9,59,118
5,14,0
3,9,0
4,61,122
4,30,60
4,61,122
7,91,0
1,34,68
7,50,0
9,4,4
8,71,71
8,79,79
