s_j,p_j,d_j
4,46,92
4,64,64
9,89,89
9,58,116
2,83,0
5,26,26
6,45,0
8,17,17
4,89,89
6,74,148
6,16,16
6,69,69
5,67,67
2,46,0
9,25,50
8,49,98
5,57,0
3,83,166
9,85,0
6,70,70
2,4,4
3,46,92
3,21,0
7,97,97
9,31,0
2,18,18
3,70,140
4,52,52
6,89,178
1,54,108
3,44,88
6,48,48
1,24,0
1,1,1
7,56,0
1,61,61
4,67,67
5,11,0
6,5,10
8,19,19
8,95,0
1,55,0
6,59,59
8,14,14
5,18,36
5,6,12
1,26,26
9,70,140
8,66,66
3,29,0
9,31,31
9,26,0
4,98,0
7,94,0
7,66,132
5,20,20
5,50,50
4,44,44
5,82,0
2,27,27
