s_j,p_j,d_j
6,16,32
5,46,0
8,86,0
9,59,118
8,10,10
1,24,24
2,43,0
6,79,79
6,92,92
3,77,77
1,13,13
6,5,0
2,12,24
6,70,0
3,92,0
2,81,162
5,98,0
1,31,0
9,37,0
2,27,0
3,9,9
3,79,79
1,6,12
4,20,20
4,29,0
6,98,196
2,55,110
9,11,11
2,67,134
3,28,0
8,47,94
9,34,34
8,51,102
4,30,30
1,23,46
5,39,78
3,28,56
3,75,150
1,76,0
1,98,0
7,80,0
2,37,74
6,83,0
3,87,174
6,45,45
7,66,66
7,10,0
6,4,8
1,30,30
7,72,0
1,61,61
8,47,94
2,73,0
2,32,32
9,79,0
4,52,52
3,27,54
3,31,0
2,9,0
8,15,15
