s_j,p_j,d_j
4,5,5
6,37,37
9,88,176
6,3,6
1,26,0
7,26,0
1,83,166
3,9,0
7,18,0
6,81,0
5,48,96
9,53,0
4,47,47
6,5,5
7,78,0
9,98,196
8,41,41
7,16,0
8,67,134
6,72,0
1,22,44
1,83,83
3,82,0
5,95,0
6,57,57
8,57,0
3,33,33
6,63,0
9,34,34
3,87,174
4,1,2
1,86,86
8,31,62
5,63,63
4,76,152
3,26,52
4,10,20
1,91,91
3,27,54
4,14,14
3,76,0
7,71,71
2,34,68
1,52,0
8,42,42
2,35,0
6,37,74
7,23,0
8,74,74
5,23,23
5,98,0
1,43,43
7,8,0
4,29,0
7,12,0
9,13,13
5,75,150
6,64,64
5,48,0
2,37,0
1,78,78
3,31,0
4,83,83
5,5,5
4,73,146
4,75,75
2,96,0
7,44,88
9,75,0
6,61,61
