s_j,p_j,d_j
8,23,46
5,98,98
9,58,116
5,14,28
3,69,0
2,54,54
2,24,24
6,20,0
4,39,0
6,67,0
4,61,122
6,67,0
4,90,0
4,37,0
7,34,0
9,61,122
5,16,32
1,6,0
4,21,0
8,27,27
7,10,20
1,98,98
3,33,66
8,17,17
2,27,27
4,81,162
7,60,60
3,57,114
7,41,82
5,22,22
4,45,45
8,1,0
9,61,122
7,63,0
8,54,0
2,88,0
6,66,66
8,11,11
2,66,0
3,36,36
8,31,0
9,52,0
1,70,140
3,21,0
1,73,73
4,54,108
9,12,24
2,59,118
1,75,75
4,57,0
8,96,192
1,78,0
2,37,74
8,14,28
7,55,110
1,34,0
6,96,96
5,34,34
3,50,100
4,29,58
