s_j,p_j,d_j
7,41,0
3,45,45
3,9,18
4,85,0
6,42,0
3,92,0
3,94,94
8,33,33
4,50,0
8,77,154
2,64,0
7,94,94
2,87,174
2,25,50
1,39,39
8,62,0
3,20,20
3,63,63
6,23,46
8,98,0
4,21,42
9,7,7
7,20,0
5,3,6
8,94,0
2,81,81
1,4,4
6,47,94
7,4,4
3,59,59
4,2,0
8,78,0
9,31,0
9,7,0
2,81,81
3,55,0
5,3,6
1,30,30
9,5,10
7,69,138
6,80,0
1,19,19
3,79,79
1,81,162
6,59,59
9,38,76
4,34,68
9,6,12
5,95,95
9,46,0
1,30,0
3,32,32
9,8,8
7,43,43
6,97,0
6,41,0
3,24,48
4,82,82
7,62,124
9,35,70
2,33,66
3,32,64
6,27,54
8,19,38
9,5,0
8,18,18
1,21,42
1,11,11
1,26,52
8,22,0
