s_j,p_j,d_j
3,17,17
6,3,3
3,26,26
5,96,0
1,71,142
2,59,0
9,29,58
3,57,114
7,94,0
4,16,16
9,76,152
5,19,0
6,94,0
2,79,158
9,12,0
2,5,10
7,21,21
2,29,0
5,84,0
4,70,70
3,38,76
9,71,0
6,94,94
6,55,0
7,51,102
6,4,0
8,55,110
3,53,106
6,93,0
5,38,76
2,66,132
5,19,19
3,67,0
4,11,0
3,15,0
8,32,0
8,88,176
1,51,0
8,41,0
4,4,0
2,13,13
5,25,50
6,28,0
3,40,80
3,42,84
2,36,0
9,60,60
2,11,0
4,28,0
6,86,172
8,57,0
7,42,0
5,64,128
6,87,0
2,26,26
3,35,70
2,56,56
5,90,0
1,28,56
9,17,34
6,81,81
5,30,30
1,98,196
7,70,140
9,78,78
3,53,0
5,48,48
6,26,26
7,75,0
7,86,172
7,78,156
1,58,58
5,60,0
8,15,0
3,32,64
1,37,37
6,69,69
2,79,158
9,96,192
5,30,0
