s_j,p_j,d_j
8,84,168
7,82,0
5,50,50
4,91,91
9,5,0
2,33,0
9,11,22
2,12,0
5,46,46
1,80,160
5,7,7
9,50,50
7,65,0
7,3,0
1,94,94
9,82,82
4,23,0
6,93,93
9,85,85
1,43,43
8,68,0
2,92,92
7,71,71
3,50,50
7,45,0
9,11,22
2,54,0
1,78,78
3,63,126
2,93,0
4,49,98
8,85,0
7,24,0
8,50,50
2,2,2
2,82,0
8,97,194
2,73,0
6,73,73
7,17,34
2,88,176
2,79,158
9,69,69
9,69,138
6,50,100
1,8,8
3,4,4
1,89,89
8,45,45
3,52,104
9,86,172
9,29,0
2,47,0
1,15,30
6,76,152
2,21,0
5,78,156
4,91,0
6,33,66
7,6,12
