s_j,p_j,d_j
6,38,0
7,49,49
1,74,0
9,97,0
9,55,0
1,88,0
6,19,19
6,73,73
2,38,0
8,49,49
4,11,0
9,45,45
7,29,29
8,16,32
6,56,112
1,16,32
4,71,71
8,54,54
2,8,16
5,96,96
9,63,0
7,2,0
3,6,6
3,47,94
9,4,4
1,45,0
8,83,0
4,62,0
8,28,0
2,41,0
2,46,92
1,94,94
1,46,46
1,23,46
6,28,28
2,24,48
4,32,64
5,75,75
7,63,63
7,15,0
9,64,0
1,61,61
4,36,36
1,77,77
5,82,0
9,77,0
1,30,60
2,75,0
2,83,83
1,53,0
3,76,76
4,43,0
3,58,116
3,31,31
3,35,0
8,11,22
6,51,102
5,16,0
7,83,83
2,23,0
3,82,82
8,46,92
1,93,93
2,47,47
3,18,0
1,5,0
1,16,32
7,1,0
3,93,93
6,88,176
5,14,28
3,70,0
7,55,55
1,30,30
2,92,0
1,21,0
5,93,93
4,51,0
2,27,27
8,53,53
