s_j,p_j,d_j
15,2,42
3,11,273
16,4,178
19,11,149
9,8,133
4,3,275
12,3,210
4,8,109
5,2,222
19,8,152
14,14,211
18,4,77
2,2,71
17,2,141
10,9,281
16,17,180
16,3,140
15,6,215
13,12,44
10,2,213
11,10,108
2,13,110
6,6,130
19,7,1
10,14,19
16,2,173
19,2,240
18,6,101
10,10,13
19,14,156
16,1,33
8,17,251
16,6,248
13,13,289
19,13,263
4,7,299
17,6,105
19,12,238
13,14,284
8,2,142
9,3,296
18,18,169
10,2,201
12,12,133
7,3,283
15,7,200
18,1,8
2,10,133
19,11,175
14,3,77
11,7,185
14,1,43
13,10,120
2,7,158
10,14,137
6,19,226
6,19,142
15,16,194
5,5,75
12,5,176
