s_j,p_j,d_j
2,80,0
7,82,82
1,85,0
5,58,58
2,73,73
9,90,180
5,72,72
5,18,36
2,87,87
4,91,182
9,43,43
3,34,34
9,18,36
5,34,0
2,78,0
6,71,71
7,39,0
5,60,0
9,41,82
2,57,57
4,46,92
3,12,12
7,64,128
6,56,0
5,12,24
9,72,144
6,77,0
8,51,0
6,95,0
4,82,0
6,90,0
4,22,22
9,18,0
9,92,92
7,86,172
3,29,58
3,89,0
4,2,2
7,55,0
7,60,120
8,60,60
6,95,95
9,70,140
9,64,0
9,88,176
6,18,0
5,1,1
9,40,0
9,31,0
4,53,0
2,95,0
4,78,156
6,24,48
9,38,76
7,9,18
4,14,28
6,42,0
3,2,0
3,77,77
2,44,44
6,26,26
6,77,77
1,17,0
6,74,0
7,55,0
5,92,184
1,61,122
1,51,51
3,69,138
6,69,69
3,40,40
5,59,118
6,10,0
5,63,63
4,24,24
4,86,172
4,39,0
4,72,144
4,67,67
4,2,0
7,24,24
6,59,0
1,96,0
1,29,0
1,73,146
8,88,176
1,23,23
2,6,12
6,41,82
8,10,10
