s_j,p_j,d_j
4,2,113
19,1,115
17,11,279
1,13,142
19,15,349
16,18,59
13,9,103
15,18,261
12,12,1
6,14,208
9,13,79
18,6,166
16,4,235
18,11,196
16,13,197
5,13,267
16,15,285
14,9,12
4,14,1
15,16,207
2,7,188
8,13,31
5,4,9
12,13,273
15,10,336
13,6,31
5,5,130
9,18,14
8,6,190
12,12,117
12,4,21
12,4,110
8,15,227
3,10,60
17,3,13
5,3,27
2,7,149
8,18,180
13,10,88
13,3,312
15,5,281
6,2,136
12,12,294
10,7,220
11,15,148
6,6,150
11,17,344
19,6,91
8,9,326
15,4,86
10,10,74
8,4,108
12,16,208
7,17,147
9,3,181
12,7,159
6,3,180
6,14,251
7,1,96
15,16,261
11,4,28
2,16,15
18,7,268
5,18,318
10,11,52
11,13,76
7,1,168
7,7,306
12,5,242
3,19,325
