s_j,p_j,d_j
8,85,0
2,76,152
3,47,94
3,90,0
8,85,170
4,80,80
9,80,0
4,42,0
6,90,90
9,42,84
5,64,64
2,26,52
8,81,81
2,17,34
3,90,90
7,96,96
1,43,43
8,55,110
7,72,72
5,73,73
7,68,68
2,27,54
1,37,37
9,86,172
9,68,68
9,98,196
1,9,0
9,8,16
6,21,42
3,61,0
9,53,53
5,95,190
7,75,0
7,19,0
9,28,0
9,79,79
2,12,12
4,90,180
5,70,70
3,34,34
6,82,164
5,61,0
5,42,84
9,98,0
7,97,97
4,45,90
1,40,0
9,86,86
9,35,35
9,12,24
1,35,35
5,31,62
9,98,196
8,28,0
5,68,0
2,34,34
5,81,81
4,31,31
7,52,52
3,96,0
3,17,34
9,26,0
1,54,108
9,52,104
3,31,62
3,21,21
7,60,60
2,66,0
7,28,28
2,65,130
3,17,0
1,49,0
7,45,90
7,58,58
4,94,94
5,60,0
3,89,89
6,87,87
5,75,150
3,49,98
5,7,7
5,20,20
7,35,70
4,55,110
7,80,160
7,17,17
9,55,55
1,78,156
3,53,53
1,77,77
