s_j,p_j,d_j
5,44,44
2,6,0
9,34,68
7,27,54
4,39,0
7,21,0
7,53,53
4,74,0
6,36,0
3,44,44
2,85,170
3,18,0
5,72,72
7,82,0
2,52,0
9,14,14
4,45,45
9,42,84
6,55,55
1,34,0
9,4,0
5,76,152
6,14,14
9,78,0
5,17,17
5,86,172
6,15,15
9,64,0
2,68,68
1,32,64
2,81,81
3,48,48
9,97,0
6,82,82
7,50,50
8,41,82
4,97,0
9,33,66
1,64,0
4,63,63
2,54,108
6,63,126
7,24,24
6,44,44
2,88,0
8,11,22
3,58,116
7,73,73
1,9,9
8,21,21
4,98,0
6,60,120
3,1,2
9,83,0
9,46,46
7,61,61
7,32,0
9,42,84
1,8,0
9,2,4
2,81,162
4,79,158
3,97,97
1,48,0
1,30,30
9,90,90
2,2,0
5,86,0
2,90,0
9,11,0
8,51,0
8,75,0
2,88,88
2,75,75
8,67,134
9,72,0
6,93,0
7,82,0
3,19,38
2,20,20
