s_j,p_j,d_j
2,69,0
5,39,39
2,58,0
4,87,174
2,98,196
6,74,0
5,9,9
8,75,0
3,16,32
6,23,23
7,89,0
7,87,0
9,63,63
6,97,97
7,6,6
8,78,78
4,44,0
7,44,88
9,81,162
3,45,45
2,31,31
4,29,29
2,94,0
7,25,50
3,15,15
7,51,0
7,74,74
1,52,0
2,36,0
3,65,0
9,58,58
9,74,74
3,33,66
2,21,42
1,31,31
1,70,140
3,56,0
2,55,0
8,17,0
4,39,0
7,68,0
3,85,170
7,44,44
5,78,156
4,84,84
9,70,140
9,64,0
4,2,4
8,13,13
1,68,68
2,25,25
8,45,0
2,63,126
9,6,12
7,94,94
6,40,0
3,70,0
8,5,0
2,16,32
1,8,8
4,41,41
5,35,70
4,36,36
3,4,4
5,70,70
1,16,16
1,56,112
6,40,40
2,20,0
1,91,0
5,24,48
4,14,14
5,27,27
1,24,24
7,52,104
8,13,26
5,25,25
8,8,8
6,25,25
3,6,6
7,98,0
1,96,0
8,4,4
4,19,38
4,13,0
8,36,0
1,58,58
8,8,16
9,3,3
7,29,0
