s_j,p_j,d_j
7,6,0
2,87,0
7,9,9
2,75,0
7,67,134
8,72,0
2,53,106
1,56,0
5,94,0
8,79,79
7,71,142
6,12,24
9,54,0
2,80,80
8,24,24
8,72,72
1,87,174
7,62,62
1,70,0
2,28,56
5,9,9
6,24,24
2,13,13
5,40,40
2,66,132
1,24,48
7,52,104
8,65,130
1,90,90
2,77,0
2,47,94
1,30,60
3,96,192
9,64,64
7,97,97
7,93,186
5,8,8
6,49,98
2,93,93
8,46,0
8,95,190
5,61,0
1,50,0
7,29,29
2,79,0
4,76,152
4,36,36
5,68,0
3,60,60
3,10,0
5,96,0
4,6,6
9,94,188
1,46,0
2,46,92
1,26,0
3,58,58
3,26,52
6,42,0
4,83,166
2,54,108
2,8,16
1,3,0
1,3,6
3,82,82
5,90,0
6,82,164
6,75,150
7,82,82
3,42,84
9,39,78
5,85,170
2,85,170
6,94,0
3,90,0
1,20,0
3,67,0
4,97,194
5,3,3
4,88,176
9,12,24
2,45,90
3,21,42
7,4,8
7,30,60
7,53,106
7,92,92
8,8,8
9,75,75
8,87,174
