s_j,p_j,d_j
7,19,38
6,66,66
2,52,52
5,72,72
5,78,78
8,7,0
6,13,13
8,92,184
4,23,0
4,39,0
4,92,184
1,86,86
1,91,0
6,21,42
3,86,172
6,5,5
3,85,85
8,23,0
9,41,82
3,45,0
1,45,90
2,57,57
9,33,0
4,8,16
7,33,66
6,49,0
5,89,89
3,47,94
2,16,0
8,58,0
6,41,41
4,32,0
3,86,172
8,90,0
7,12,0
8,28,56
8,67,134
2,72,72
3,31,0
7,9,18
7,30,60
4,42,0
8,93,186
3,5,0
8,45,0
9,41,41
7,92,92
6,15,30
6,38,0
2,12,0
9,70,0
3,55,110
9,20,40
6,43,43
4,81,162
1,39,0
2,3,6
8,85,85
7,42,42
1,43,86
