s_j,p_j,d_j
3,43,43
4,1,0
4,92,92
8,68,0
7,20,20
3,43,43
7,51,102
8,68,136
1,94,0
2,43,43
2,12,0
3,15,0
2,54,0
1,13,13
6,66,66
5,1,0
7,57,0
6,94,0
4,68,136
5,12,0
1,43,0
4,40,0
7,54,0
2,97,97
8,45,90
4,5,0
6,56,112
6,82,0
1,14,14
4,84,0
7,61,61
2,49,98
7,96,96
7,94,188
8,2,0
6,5,10
4,9,9
8,82,82
3,6,0
6,10,20
5,83,83
3,58,116
8,74,74
3,36,0
6,13,26
6,89,178
5,60,60
7,94,94
9,43,43
6,71,0
4,67,134
6,80,160
4,53,53
7,7,0
8,82,164
4,17,34
6,43,86
6,76,76
9,86,172
6,47,47
