s_j,p_j,d_j
5,71,71
3,34,68
7,34,0
6,61,0
3,27,27
9,52,104
9,49,98
3,81,0
5,54,54
8,6,6
5,66,0
1,92,184
5,86,172
7,73,0
6,73,73
8,59,0
8,35,35
3,47,47
9,79,0
1,14,28
5,4,4
7,50,100
1,81,162
1,83,0
9,45,0
2,70,70
8,37,37
5,14,14
2,37,37
1,65,0
6,55,0
9,2,4
5,17,17
2,49,49
6,91,0
2,78,78
4,28,0
8,89,89
9,37,37
6,51,0
7,51,0
6,75,150
1,13,13
8,81,0
4,31,0
3,81,162
3,9,9
4,78,78
8,76,0
7,54,108
1,57,114
5,28,0
8,6,12
2,59,0
4,55,110
6,42,42
6,61,61
6,28,28
2,25,50
8,13,13
