s_j,p_j,d_j
6,16,0
7,34,68
1,62,62
1,41,82
8,69,0
2,66,0
2,34,68
8,33,0
6,9,0
1,97,194
5,45,0
6,80,160
9,59,0
6,62,0
8,30,60
9,12,0
2,81,162
8,23,46
2,35,35
9,73,146
2,22,0
1,27,0
2,17,0
1,48,96
8,36,36
6,50,0
7,33,0
5,95,95
1,51,102
2,79,79
7,74,148
6,11,0
9,75,0
8,52,52
1,42,0
8,24,48
7,60,120
8,11,22
6,47,47
5,71,142
2,32,32
7,84,168
2,45,0
7,50,0
8,91,0
6,11,11
6,25,0
4,8,16
2,34,34
3,85,170
4,67,134
6,53,0
7,42,42
3,91,182
1,62,124
1,19,0
5,47,47
9,13,0
8,23,46
8,12,24
7,59,0
8,77,0
6,33,0
7,4,8
3,41,82
2,81,0
6,65,65
7,45,90
3,85,0
2,53,0
3,63,126
3,34,0
4,33,66
3,7,7
3,23,23
9,50,50
5,33,33
1,5,10
3,88,88
4,84,84
4,23,23
2,60,120
9,57,0
9,73,0
2,40,40
3,59,0
2,51,102
1,62,62
1,33,0
1,14,14
