s_j,p_j,d_j
7,62,124
4,72,0
7,56,56
7,29,0
4,98,196
8,53,106
9,38,0
5,53,106
1,37,0
4,98,196
2,47,0
1,32,64
6,70,70
1,20,20
7,85,0
9,43,0
1,19,19
5,37,0
4,93,0
9,48,96
6,12,24
1,78,156
9,18,36
7,15,0
5,39,39
7,59,59
4,86,172
5,1,1
9,74,74
9,64,0
9,84,84
2,52,104
8,6,0
1,8,0
1,4,8
2,80,160
4,44,0
1,44,0
1,54,0
2,17,0
4,51,51
7,66,66
5,11,22
5,43,43
4,71,0
2,3,0
2,54,108
5,21,0
9,64,128
3,19,0
6,57,0
4,75,75
5,89,89
9,92,92
4,38,38
8,15,15
7,83,83
8,70,140
3,97,194
5,29,29
3,76,0
2,47,0
3,66,0
6,11,22
9,66,66
5,14,0
1,29,58
3,87,0
1,74,74
1,81,81
4,24,48
3,33,66
1,42,84
6,47,0
7,2,0
3,73,146
9,15,15
5,74,148
4,8,8
6,78,0
4,62,62
9,47,94
9,69,0
8,63,126
3,77,77
5,79,79
7,28,28
5,31,0
6,86,86
9,98,98
