s_j,p_j,d_j
5,76,0
8,72,72
9,5,10
5,36,36
4,51,0
1,50,0
2,37,37
2,95,95
5,18,0
4,28,56
3,63,0
6,2,2
3,15,15
8,5,10
9,20,40
5,50,100
8,93,0
1,10,10
7,29,0
9,80,80
4,72,72
6,9,18
5,60,60
1,68,0
2,90,90
9,18,0
2,30,60
8,7,14
1,31,31
1,22,44
3,25,25
6,40,0
8,2,2
8,35,70
2,64,0
2,15,15
1,75,150
6,76,76
7,88,0
7,4,8
9,24,0
9,85,85
2,46,0
7,65,65
5,55,55
9,28,28
7,97,97
2,72,72
7,26,26
9,59,0
8,41,82
4,94,0
1,53,106
8,41,41
9,58,0
6,59,118
9,27,27
9,36,0
8,65,65
3,18,36
5,58,116
4,43,0
8,10,0
6,81,81
7,20,40
4,39,39
4,63,63
5,61,61
9,38,0
1,2,2
