s_j,p_j,d_j
2,22,22
4,44,0
5,98,196
3,92,184
4,50,100
2,97,0
4,89,89
5,82,164
5,4,8
5,74,0
2,6,6
3,27,54
2,16,32
3,25,25
3,19,19
2,75,150
8,44,0
7,91,0
4,78,156
9,92,0
5,86,0
5,8,0
2,42,0
5,19,38
5,35,0
5,89,89
8,26,52
4,60,60
8,47,94
7,66,66
6,76,76
4,47,0
4,24,0
3,40,80
2,15,30
3,7,14
9,17,34
1,22,0
8,6,6
6,24,48
8,89,178
4,31,62
4,23,0
3,59,59
9,60,0
6,10,10
5,46,46
6,92,0
3,25,0
3,58,0
3,38,76
2,59,59
3,46,0
5,96,0
3,92,184
3,27,0
6,60,120
6,83,0
4,87,87
9,95,0
1,77,154
7,82,164
7,52,52
2,72,0
1,19,19
7,25,0
8,78,0
5,72,144
7,20,20
7,82,0
