s_j,p_j,d_j
12,6,381
2,17,52
15,18,324
14,8,76
5,13,271
10,7,118
13,4,209
1,17,23
1,4,218
3,13,208
17,18,174
11,5,72
9,7,316
12,15,237
3,2,252
12,11,201
8,3,152
17,14,71
9,6,243
14,19,241
12,18,161
15,5,64
1,2,77
9,14,399
7,4,366
1,15,390
6,7,208
10,3,59
13,7,380
8,5,102
3,9,350
13,9,5
7,2,275
8,14,10
4,9,276
1,1,240
19,19,72
4,2,180
9,5,272
5,13,65
14,3,178
17,19,336
13,1,227
17,1,20
4,14,303
9,9,326
10,18,94
14,8,29
2,14,87
19,4,232
2,2,112
11,14,160
6,14,398
13,6,256
18,2,26
8,4,168
16,17,48
15,1,51
10,19,123
6,1,49
18,19,397
7,14,312
17,9,17
15,14,326
8,11,326
3,14,261
17,16,247
4,16,110
19,10,201
5,16,123
6,18,377
14,8,231
15,6,119
9,11,360
18,12,319
13,7,291
1,8,260
18,4,44
19,12,77
13,16,345
