s_j,p_j,d_j
4,34,0
1,9,9
7,12,12
3,47,47
4,58,116
7,90,90
5,82,164
4,6,6
2,60,120
7,87,0
3,9,9
3,14,0
3,85,0
6,58,0
9,53,0
8,73,0
8,46,46
6,49,98
4,8,16
1,32,0
4,78,156
3,44,44
4,39,39
2,52,104
4,45,90
2,67,134
2,84,84
1,10,10
3,39,78
6,33,66
1,49,98
7,79,158
9,9,18
4,32,0
4,85,170
7,37,37
7,12,0
5,17,0
9,20,40
7,27,0
7,87,87
5,91,91
3,69,138
1,11,11
7,28,0
6,14,0
1,56,112
1,6,12
9,69,138
3,76,152
8,40,40
2,23,46
5,79,158
1,1,2
1,68,136
3,85,0
1,45,0
7,71,0
8,63,63
2,10,10
