s_j,p_j,d_j
9,69,138
7,49,98
9,77,0
5,1,0
1,49,49
5,53,0
4,36,36
5,69,69
7,49,0
1,49,98
4,15,30
1,1,0
8,83,83
2,24,0
4,58,0
6,41,82
6,46,0
4,47,94
2,48,0
6,69,69
4,9,0
8,31,62
6,28,0
8,87,0
4,56,112
3,75,150
9,72,144
5,51,102
8,79,79
3,44,44
4,43,86
9,43,86
9,91,91
8,95,95
5,29,0
3,54,54
1,25,0
9,41,0
3,1,2
5,37,37
7,35,35
8,64,0
5,71,0
4,50,50
5,8,16
1,22,22
8,60,120
4,38,38
5,77,154
2,20,40
9,83,0
8,98,98
8,77,0
6,47,47
7,28,0
7,54,0
1,18,0
4,7,14
3,40,0
2,51,51
