s_j,p_j,d_j
9,3,6
8,87,87
7,71,142
8,93,0
5,14,28
2,81,162
8,81,162
9,10,20
4,59,59
3,29,29
2,13,26
5,26,52
1,48,48
7,26,26
7,54,0
7,24,0
8,12,24
5,11,22
7,33,33
2,33,33
7,65,130
2,66,66
6,11,22
7,12,0
8,43,0
2,41,41
7,76,0
2,49,98
9,2,4
8,62,0
2,13,13
2,18,0
9,89,0
8,40,0
5,25,50
6,1,1
5,88,176
6,11,11
9,74,74
4,84,84
2,46,92
3,21,21
9,93,0
7,33,33
3,11,0
7,35,70
9,7,7
8,22,44
6,27,0
4,21,21
7,75,0
6,57,114
1,90,180
6,31,0
5,24,0
7,25,50
5,18,18
9,9,9
5,79,79
4,70,140
7,81,162
3,60,0
1,47,94
9,5,5
4,82,164
6,5,10
1,92,184
5,24,24
5,70,140
3,96,192
2,65,0
5,18,0
6,94,0
1,75,75
6,69,138
2,66,132
4,44,0
7,44,88
3,64,64
3,34,68
7,32,64
1,89,89
5,29,29
6,22,22
6,26,26
3,76,152
8,59,118
9,93,93
9,14,28
3,21,42
