s_j,p_j,d_j
5,91,0
3,44,88
9,37,0
8,25,25
8,70,140
3,92,92
8,32,32
4,50,50
3,56,112
8,23,23
8,92,92
2,24,24
8,85,170
7,49,98
9,77,154
7,46,46
4,86,172
7,23,0
9,87,0
4,29,29
1,51,51
3,84,168
3,88,0
6,74,74
6,67,0
7,12,24
6,88,0
8,94,188
2,58,116
4,19,19
4,47,0
4,7,7
8,88,176
7,48,0
2,21,42
7,47,47
6,29,0
3,1,1
4,47,47
9,45,45
1,77,77
2,87,0
1,30,60
1,90,0
7,20,0
7,7,14
5,28,28
2,66,132
8,31,0
9,72,0
7,20,40
4,17,34
6,76,152
9,54,108
5,3,3
2,39,0
9,45,45
7,95,0
2,94,0
8,68,136
