s_j,p_j,d_j
9,31,0
5,31,62
4,21,21
4,3,6
3,84,84
4,88,0
1,91,91
7,57,0
3,58,0
4,62,0
9,29,0
3,94,94
6,30,30
9,3,3
9,83,166
1,14,0
9,36,0
5,94,188
5,13,0
8,57,0
3,29,58
6,18,0
1,12,24
1,19,38
4,20,20
7,45,90
7,51,0
4,89,178
8,29,0
1,22,0
6,11,0
3,13,13
9,91,91
2,26,26
4,79,0
3,82,0
1,21,42
7,23,0
4,54,0
3,91,182
7,33,33
2,30,60
7,54,54
8,93,186
4,22,44
7,62,124
5,85,0
3,22,22
4,49,49
3,4,0
3,39,78
9,66,66
4,79,158
9,50,0
5,84,84
7,67,134
9,85,0
1,92,0
6,98,196
6,10,20
