s_j,p_j,d_j
3,47,0
1,35,70
6,81,0
6,1,0
9,27,0
5,68,0
2,94,188
3,53,53
9,94,188
2,14,0
4,28,28
9,66,66
1,40,40
2,58,116
1,10,20
3,52,0
5,73,73
2,8,16
6,67,134
8,34,34
2,34,68
4,32,0
7,53,106
5,19,19
9,68,0
2,70,140
2,57,114
9,2,0
7,48,96
4,49,0
2,49,0
6,65,0
9,67,67
6,21,0
9,55,55
5,24,0
2,75,0
1,43,86
1,48,0
1,30,0
7,56,56
2,29,58
9,42,0
1,92,92
1,39,0
9,77,77
8,12,24
5,89,178
2,5,10
2,49,0
9,90,180
2,87,0
5,79,79
3,32,0
7,63,0
6,25,50
7,58,0
2,45,90
6,33,33
9,28,56
8,16,32
3,48,96
7,3,6
2,37,37
4,55,0
2,51,0
8,44,44
8,84,168
9,51,51
8,28,28
5,46,0
6,76,76
8,86,172
2,14,14
2,35,70
2,25,25
5,52,52
6,25,0
4,2,4
1,81,0
2,21,42
4,64,0
2,72,72
5,52,52
7,29,29
6,63,0
6,54,0
1,55,55
1,13,26
7,23,0
