s_j,p_j,d_j
7,67,67
9,74,148
9,78,78
3,35,35
7,64,64
3,78,78
3,25,25
5,89,89
4,60,0
8,43,86
4,44,0
8,17,34
4,10,20
5,73,146
7,31,0
4,30,0
8,23,46
6,1,2
1,89,178
1,11,11
7,86,0
5,33,66
9,66,66
9,34,0
1,70,0
3,91,0
8,38,38
3,71,71
8,36,72
4,25,50
1,71,0
5,65,0
6,7,0
3,7,7
8,70,140
8,62,124
3,70,140
4,91,182
4,62,0
7,63,126
3,63,126
5,10,0
2,73,0
2,63,126
1,41,0
7,21,21
1,51,0
9,8,8
8,91,0
4,49,49
4,92,184
4,3,6
2,98,196
4,4,0
1,41,0
3,35,0
5,64,0
1,21,0
6,26,26
7,23,0
