s_j,p_j,d_j
3,7,14
6,52,52
2,31,31
1,27,54
7,54,0
6,65,65
6,95,0
3,7,14
1,36,72
6,95,95
9,87,87
4,71,0
7,38,38
2,20,20
2,45,90
7,53,0
9,48,0
9,34,0
6,58,58
7,65,65
6,50,0
9,96,0
7,2,2
7,33,66
8,92,92
3,23,46
8,36,0
8,32,32
8,57,0
9,32,0
3,13,26
4,16,16
9,60,120
2,72,72
3,56,112
1,66,0
9,38,38
4,12,24
8,57,0
2,41,0
5,4,4
3,75,150
4,95,190
9,92,92
8,98,98
4,44,44
7,13,0
7,77,0
1,93,0
7,69,69
1,82,164
7,67,0
5,13,13
6,28,28
9,82,82
4,98,98
9,1,1
4,57,57
4,36,36
7,84,0
8,52,104
5,5,5
7,1,2
7,96,0
6,13,13
4,74,0
3,49,49
8,53,106
3,20,20
7,21,21
