s_j,p_j,d_j
7,14,14
9,58,58
4,61,0
1,31,62
3,90,180
7,97,194
8,16,16
5,4,4
1,38,76
4,19,38
6,10,10
1,81,162
2,36,36
7,32,0
6,48,0
1,12,0
7,75,0
2,82,82
7,80,80
2,70,140
1,43,0
1,62,62
1,46,46
4,75,150
6,60,0
5,49,49
6,65,65
4,90,180
9,32,64
8,88,88
2,90,180
3,12,12
2,77,154
5,97,194
5,97,194
8,38,76
9,52,52
6,19,38
9,10,20
1,55,55
2,98,98
1,90,180
7,41,0
6,39,78
9,26,26
7,62,0
9,97,97
2,31,0
2,21,21
1,2,4
6,72,72
9,26,0
7,91,91
1,50,100
7,18,18
5,52,52
8,47,0
7,80,160
2,67,134
9,76,152
1,88,0
8,2,4
9,5,10
9,9,18
4,36,0
4,47,0
1,58,0
8,98,196
2,94,188
7,43,0
7,46,92
8,74,74
8,24,0
3,61,0
1,53,53
6,87,174
1,55,110
5,65,130
2,51,51
7,39,0
