s_j,p_j,d_j
1,18,18
9,93,186
5,87,87
6,97,97
4,68,0
8,71,71
6,68,68
7,76,0
3,67,134
4,31,62
4,68,136
9,73,0
9,65,65
4,90,90
5,73,0
2,73,146
5,56,112
5,94,0
8,46,92
8,24,24
5,47,47
1,47,0
6,27,0
1,45,45
8,20,40
5,38,76
5,78,78
1,64,64
1,76,152
5,57,114
7,36,72
4,83,83
4,16,0
1,39,39
7,3,3
3,5,5
9,67,0
8,44,88
3,25,25
4,26,0
7,20,20
7,8,0
4,34,34
8,20,0
9,55,55
9,25,25
9,89,178
6,84,0
1,14,28
6,97,194
1,39,78
1,37,0
8,20,40
5,41,41
8,15,30
8,69,0
6,83,83
9,97,97
7,56,112
2,17,34
