s_j,p_j,d_j
1,23,46
3,58,0
4,41,41
9,71,0
5,19,0
7,52,0
7,33,66
9,70,140
2,5,10
7,35,0
7,9,9
1,97,194
7,9,9
3,73,146
4,68,68
6,58,58
7,25,25
3,28,56
2,93,186
7,13,13
6,21,42
1,44,0
6,77,0
8,56,0
7,55,110
7,79,158
9,39,0
4,85,170
8,43,0
5,44,88
5,44,88
7,50,50
4,9,0
7,94,94
5,3,6
8,6,6
6,12,12
6,48,96
6,11,0
6,36,72
7,74,0
9,30,60
4,94,188
8,98,0
4,28,28
7,30,30
7,30,0
6,81,81
1,56,0
7,76,76
3,86,86
5,9,18
2,78,0
7,31,31
6,41,82
4,53,53
4,98,0
5,68,136
3,90,180
9,85,170
5,13,0
5,81,0
2,33,66
4,33,0
7,26,52
4,2,0
6,52,104
1,80,160
3,86,172
2,82,0
3,86,0
9,45,45
3,32,32
9,2,4
8,33,66
4,44,88
9,87,0
9,5,5
9,10,10
7,21,42
6,28,28
2,57,114
2,98,196
7,40,0
2,19,0
8,57,57
9,11,0
9,21,0
4,97,194
1,73,0
