s_j,p_j,d_j
1,78,0
7,57,57
1,95,95
4,85,85
1,48,48
9,86,172
4,96,192
7,36,72
7,87,0
5,78,156
7,89,0
7,79,0
4,25,50
5,79,0
7,83,83
3,23,0
7,91,91
9,82,164
4,83,83
1,56,0
7,8,16
7,70,70
6,19,0
4,63,0
3,78,0
5,63,0
2,76,152
1,7,14
9,34,34
7,30,0
7,49,98
7,9,18
5,98,196
8,39,78
2,7,14
1,44,88
8,84,0
1,72,72
5,76,0
6,78,156
2,35,35
3,81,0
3,31,0
5,12,12
8,71,71
9,33,33
3,44,44
2,92,0
6,54,0
7,91,91
5,60,60
7,41,82
2,72,0
2,84,168
7,47,47
3,38,0
2,60,60
2,13,13
3,81,81
4,42,84
8,12,0
4,34,34
1,68,136
5,82,164
1,74,148
5,30,30
8,78,78
9,34,0
8,28,56
6,5,10
