s_j,p_j,d_j
5,90,0
9,34,68
9,61,122
7,91,182
3,28,0
5,75,0
5,7,7
7,34,34
5,66,66
1,55,110
6,77,154
5,35,70
7,76,152
2,59,59
1,83,83
9,46,46
4,79,158
6,94,188
9,12,24
8,81,162
9,52,104
5,93,93
7,17,17
8,47,0
3,64,128
3,55,0
3,31,62
8,37,37
6,29,0
3,85,85
2,51,102
7,56,112
5,95,95
3,31,62
8,36,72
5,29,29
5,85,85
1,91,91
5,1,1
8,96,96
6,77,77
3,12,12
5,85,0
7,20,0
4,1,2
5,84,0
8,80,0
4,5,5
9,60,0
8,32,64
1,62,0
6,9,18
1,33,33
1,47,94
5,78,78
5,48,0
4,63,0
1,48,96
6,72,72
8,41,0
5,64,64
5,62,62
1,84,0
5,91,0
8,16,32
4,75,150
1,72,72
5,57,0
7,40,0
3,49,0
8,75,75
7,7,0
2,84,84
9,33,0
1,87,0
2,9,0
6,38,38
1,58,116
1,76,76
6,80,0
