s_j,p_j,d_j
4,43,86
7,88,0
5,3,6
2,92,92
1,94,0
5,40,40
4,33,66
3,83,0
5,36,0
9,87,87
4,56,0
7,5,5
1,45,90
6,84,168
4,21,42
1,42,84
1,86,0
4,13,26
4,55,0
8,62,62
2,29,0
7,25,50
9,64,64
2,91,0
4,57,57
9,49,49
9,5,0
5,22,22
9,61,61
2,16,0
5,16,32
3,80,80
8,89,89
8,43,86
4,4,4
6,19,0
5,12,0
7,42,0
8,8,8
1,15,30
9,9,0
3,66,0
5,14,14
9,91,0
8,17,34
3,22,44
4,59,118
6,11,22
2,72,144
6,40,80
9,8,16
1,27,54
5,70,70
6,98,98
6,41,0
4,28,56
1,41,82
8,54,108
4,94,188
5,80,0
8,60,120
2,31,31
1,67,134
5,24,0
8,22,0
2,16,16
3,35,35
5,94,188
9,96,192
4,65,65
9,9,18
5,72,144
5,27,27
9,8,8
4,51,0
4,88,88
4,6,12
4,24,0
1,78,156
1,89,89
