s_j,p_j,d_j
3,92,92
5,80,0
3,36,72
7,44,88
9,20,0
4,26,52
8,50,50
9,50,0
1,73,146
7,47,94
7,44,44
4,43,0
2,36,36
5,15,0
1,62,0
2,95,0
6,89,178
9,70,140
2,7,7
8,39,39
7,30,60
8,24,48
9,76,76
8,45,90
1,67,134
5,91,182
4,57,0
4,94,188
9,52,104
7,76,152
9,90,180
4,43,43
5,26,26
1,3,3
4,48,48
9,27,0
4,22,22
8,74,74
3,47,0
4,18,18
1,66,132
6,61,61
3,46,0
4,31,62
9,23,46
8,47,0
4,84,0
4,80,160
8,25,50
6,80,0
1,5,10
5,65,130
5,94,188
8,25,0
9,93,186
9,20,0
9,13,13
9,69,0
5,72,144
6,37,37
9,48,0
8,21,42
1,72,144
3,1,0
3,46,92
3,47,94
7,29,58
5,80,160
8,53,106
8,82,164
3,44,44
6,71,0
9,25,50
4,88,176
9,7,7
5,21,42
9,63,126
9,43,0
6,10,20
9,84,168
7,85,0
6,15,15
5,2,4
4,8,8
4,55,110
4,79,0
8,52,0
2,38,0
6,84,0
2,57,0
